2.500000000000000120e-05 -5.343461441561300068e-02
2.750000000000000708e-04 -5.337400151581939839e-02
5.250000000000000760e-04 -5.331221245811382237e-02
7.749999999999996475e-04 -5.324880774106244274e-02
1.024999999999999436e-03 -5.318352183277867684e-02
1.275000000000000092e-03 -5.311605450721941513e-02
1.525000000000000747e-03 -5.304607041215927271e-02
1.775000000000001403e-03 -5.297318225229328409e-02
2.025000000000001625e-03 -5.289694282126299746e-02
2.275000000000000112e-03 -5.281683164944082215e-02
2.524999999999998600e-03 -5.273224518133670657e-02
2.774999999999997087e-03 -5.264244312285102506e-02
3.024999999999995574e-03 -5.254657097126421567e-02
3.274999999999994062e-03 -5.244359115429467200e-02
3.524999999999992549e-03 -5.233218277456191253e-02
3.774999999999991036e-03 -5.221072395031549351e-02
4.024999999999989524e-03 -5.207715342175306406e-02
4.274999999999988011e-03 -5.192881401106744232e-02
4.524999999999986498e-03 -5.176219698906109334e-02
4.774999999999984986e-03 -5.157254949269408917e-02
5.024999999999983473e-03 -5.135327957031343704e-02
5.274999999999981960e-03 -5.109492731958633488e-02
5.524999999999980448e-03 -5.078335700623218263e-02
5.774999999999978935e-03 -5.039637068768346162e-02
6.024999999999977422e-03 -4.989678664331482355e-02
6.274999999999975910e-03 -4.921662791330479875e-02
6.524999999999974397e-03 -4.821563676554278116e-02
6.774999999999972884e-03 -4.654517040900422314e-02
7.024999999999971372e-03 -4.301430937632201579e-02
7.274999999999969859e-03 -3.016921905987197949e-02
7.524999999999968346e-03 2.891101410511803891e-03
7.774999999999966833e-03 5.778627223038065169e-03
8.024999999999973127e-03 -7.097812778019477187e-03
8.274999999999980288e-03 -2.365829285155066422e-02
8.524999999999987449e-03 -3.795874545216389867e-02
8.774999999999994610e-03 -4.889563564786225669e-02
9.025000000000001771e-03 -5.509181920970208229e-02
9.275000000000008932e-03 -5.756691785461960642e-02
9.525000000000016093e-03 -5.816702921924286201e-02
9.775000000000023254e-03 -5.795183303244900996e-02
1.002500000000003041e-02 -5.743042648420507851e-02
1.027500000000003758e-02 -5.683501500394759487e-02
1.052500000000004474e-02 -5.626497438335290036e-02
1.077500000000005190e-02 -5.575724773821467278e-02
1.102500000000005906e-02 -5.532039966717057500e-02
1.127500000000006622e-02 -5.495093033619785627e-02
1.152500000000007338e-02 -5.464100157896994991e-02
1.177500000000008054e-02 -5.438186314330244880e-02
1.202500000000008770e-02 -5.416533480109742005e-02
1.227500000000009486e-02 -5.398431793151139968e-02
1.252500000000010202e-02 -5.383283528339459501e-02
1.277500000000010918e-02 -5.370590323742437805e-02
1.302500000000011635e-02 -5.359952060672967811e-02
1.327500000000012351e-02 -5.351040664225854143e-02
1.352500000000013067e-02 -5.343588562896903899e-02
1.377500000000013783e-02 -5.337371624134278070e-02
1.402500000000014499e-02 -5.332209712643206506e-02
1.427500000000015215e-02 -5.327952321878846181e-02
1.452500000000015931e-02 -5.324474474239863225e-02
1.477500000000016647e-02 -5.321669348594879750e-02
1.502500000000017363e-02 -5.319448825309852635e-02
1.527500000000018079e-02 -5.317736686875947777e-02
1.552500000000018796e-02 -5.316466172786603328e-02
1.577500000000019512e-02 -5.315580930195192705e-02
1.602500000000020228e-02 -5.315031933640902706e-02
1.627500000000020944e-02 -5.314776013912431846e-02
1.652500000000021660e-02 -5.314774939292903760e-02
1.677500000000022376e-02 -5.314994432138315378e-02
1.702500000000023092e-02 -5.315404303440337402e-02
1.727500000000023808e-02 -5.315977088498041042e-02
1.752500000000024524e-02 -5.316688317167932165e-02
1.777500000000025240e-02 -5.317515552708691751e-02
1.802500000000025956e-02 -5.318438611532081556e-02
1.827500000000026673e-02 -5.319439052595907602e-02
1.852500000000027389e-02 -5.320500132228821177e-02
1.877500000000028105e-02 -5.321606543375226317e-02
1.902500000000028821e-02 -5.322744256017460096e-02
1.927500000000029537e-02 -5.323900504745095880e-02
1.952500000000030253e-02 -5.325063617977809916e-02
1.977500000000030969e-02 -5.326222929541300777e-02
2.002500000000031685e-02 -5.327368734232076214e-02
2.027500000000032401e-02 -5.328492177524551954e-02
2.052500000000033117e-02 -5.329585231092766329e-02
2.077500000000033833e-02 -5.330640613328480742e-02
2.102500000000034550e-02 -5.331651747940237968e-02
2.127500000000035266e-02 -5.332612689325275795e-02
2.152500000000035982e-02 -5.333518101524602900e-02
2.177500000000036698e-02 -5.334363233650754599e-02
2.202500000000037414e-02 -5.335143829855436282e-02
2.227500000000038130e-02 -5.335856076263768150e-02
2.252500000000038846e-02 -5.336496589184040046e-02
2.277500000000039562e-02 -5.337062430035421912e-02
2.302500000000040278e-02 -5.337550932106113061e-02
2.327500000000040994e-02 -5.337959853728436316e-02
2.352500000000041711e-02 -5.338287167041781689e-02
2.377500000000042427e-02 -5.338531128125603015e-02
2.402500000000043143e-02 -5.338690249843282970e-02
2.427500000000043859e-02 -5.338763171457047707e-02
2.452500000000044575e-02 -5.338748788948000784e-02
2.477500000000045291e-02 -5.338645987134213455e-02
2.502500000000046007e-02 -5.338453964420072223e-02
2.527500000000046723e-02 -5.338171821569331205e-02
2.552500000000047439e-02 -5.337798842688697837e-02
2.577500000000048155e-02 -5.337334322844403817e-02
2.602500000000048871e-02 -5.336777599844010067e-02
2.627500000000049588e-02 -5.336127888673918018e-02
2.652500000000050304e-02 -5.335384499111788664e-02
2.677500000000051020e-02 -5.334546648531247881e-02
2.702500000000051736e-02 -5.333613430153771873e-02
2.727500000000052452e-02 -5.332583889816910200e-02
2.752500000000053168e-02 -5.331457042127197427e-02
2.777500000000053884e-02 -5.330231574897588420e-02
2.802500000000054600e-02 -5.328906090686544306e-02
2.827500000000055316e-02 -5.327478998657143860e-02
2.852500000000056032e-02 -5.325948486580402846e-02
2.877500000000056748e-02 -5.324312491381572032e-02
2.902500000000057465e-02 -5.322568667167356521e-02
2.927500000000058181e-02 -5.320714324345406088e-02
2.952500000000058897e-02 -5.318746425858887628e-02
2.977500000000059613e-02 -5.316661557805707483e-02
3.002500000000060329e-02 -5.314455843247951200e-02
3.027500000000061045e-02 -5.312124975341293853e-02
3.052500000000061761e-02 -5.309664028764040505e-02
3.077500000000062477e-02 -5.307067356654104895e-02
3.102500000000063193e-02 -5.304328542888798320e-02
3.127500000000063562e-02 -5.301440585777854320e-02
3.152500000000060809e-02 -5.298395477789918928e-02
3.177500000000058056e-02 -5.295184120802310518e-02
3.202500000000055302e-02 -5.291796134197850054e-02
3.227500000000052549e-02 -5.288219977026368396e-02
3.252500000000049796e-02 -5.284441832022365726e-02
3.277500000000047042e-02 -5.280446721371045982e-02
3.302500000000044289e-02 -5.276216958512744415e-02
3.327500000000041536e-02 -5.271732484194500967e-02
3.352500000000038782e-02 -5.266970025005175693e-02
3.377500000000036029e-02 -5.261902821127225488e-02
3.402500000000033276e-02 -5.256499170159382311e-02
3.427500000000030522e-02 -5.250722293970520871e-02
3.452500000000027769e-02 -5.244529234850427157e-02
3.477500000000025016e-02 -5.237867273899154963e-02
3.502500000000022262e-02 -5.230676059759674368e-02
3.527500000000019509e-02 -5.222880990776062465e-02
3.552500000000016755e-02 -5.214390218957423023e-02
3.577500000000014002e-02 -5.205093735121416043e-02
3.602500000000011249e-02 -5.194851365012379679e-02
3.627500000000008495e-02 -5.183487577841616734e-02
3.652500000000005742e-02 -5.170777183470404853e-02
3.677500000000002989e-02 -5.156422319141924782e-02
3.702500000000000235e-02 -5.140033299577295711e-02
3.727499999999997482e-02 -5.121071636739251559e-02
3.752499999999994729e-02 -5.098779232839548842e-02
3.777499999999991975e-02 -5.072054386137081483e-02
3.802499999999989222e-02 -5.039219763954701226e-02
3.827499999999986469e-02 -4.997581322827485822e-02
3.852499999999983715e-02 -4.942488089672560092e-02
3.877499999999980962e-02 -4.865098394882951677e-02
3.902499999999978209e-02 -4.746071586522579433e-02
3.927499999999975455e-02 -4.532633573217101364e-02
3.952499999999972702e-02 -4.010951770944466005e-02
3.977499999999969948e-02 -1.719732903723433098e-02
4.002499999999967195e-02 5.397701556275846108e-03
4.027499999999964442e-02 1.317629899643999120e-03
4.052499999999961688e-02 -1.334748033743832392e-02
4.077499999999958935e-02 -2.893203887136000518e-02
4.102499999999956182e-02 -4.186938852006654582e-02
4.127499999999953428e-02 -5.112460472467964673e-02
4.152499999999950675e-02 -5.586378037603281776e-02
4.177499999999947922e-02 -5.763304195714243766e-02
4.202499999999945168e-02 -5.796399627214594841e-02
4.227499999999942415e-02 -5.767696995456812054e-02
4.252499999999939662e-02 -5.716575120726002240e-02
4.277499999999936908e-02 -5.661049276395740959e-02
4.302499999999934155e-02 -5.608792686709306724e-02
4.327499999999931402e-02 -5.562582420239221836e-02
4.352499999999928648e-02 -5.522962014388786006e-02
4.377499999999925895e-02 -5.489529030918353925e-02
4.402499999999923141e-02 -5.461547235280705265e-02
4.427499999999920388e-02 -5.438221336336757777e-02
4.452499999999917635e-02 -5.418812278015099071e-02
4.477499999999914881e-02 -5.402679215863991080e-02
4.502499999999912128e-02 -5.389279922091245317e-02
4.527499999999909375e-02 -5.378165114334745867e-02
4.552499999999906621e-02 -5.368968035735400407e-02
4.577499999999903868e-02 -5.361385267021956391e-02
4.602499999999901115e-02 -5.355170251936858250e-02
4.627499999999898361e-02 -5.350115238571320070e-02
4.652499999999895608e-02 -5.346052376645290399e-02
4.677499999999892855e-02 -5.342839118541032467e-02
4.702499999999890101e-02 -5.340355999204340204e-02
4.727499999999887348e-02 -5.338502940198731894e-02
4.752499999999884595e-02 -5.337193170836539158e-02
4.777499999999881841e-02 -5.336352001099763098e-02
4.802499999999879088e-02 -5.335915250894028572e-02
4.827499999999876334e-02 -5.335827428925064148e-02
4.852499999999873581e-02 -5.336039349950218169e-02
4.877499999999870828e-02 -5.336508533120271763e-02
4.902499999999868074e-02 -5.337196825583938320e-02
4.927499999999865321e-02 -5.338069727849858309e-02
4.952499999999862568e-02 -5.339097019853327603e-02
4.977499999999859814e-02 -5.340251004192861362e-02
5.002499999999857061e-02 -5.341507230060843492e-02
5.027499999999854308e-02 -5.342843442376647711e-02
5.052499999999851554e-02 -5.344239673015862419e-02
5.077499999999848801e-02 -5.345677825526473637e-02
5.102499999999846048e-02 -5.347141692583363970e-02
5.127499999999843294e-02 -5.348616609983757736e-02
5.152499999999840541e-02 -5.350089379333892309e-02
5.177499999999837788e-02 -5.351548169983080111e-02
5.202499999999835034e-02 -5.352982375043368463e-02
5.227499999999832281e-02 -5.354382532002402439e-02
5.252499999999829527e-02 -5.355740219848443423e-02
5.277499999999826774e-02 -5.357048000390443598e-02
5.302499999999824021e-02 -5.358299319350293133e-02
5.327499999999821267e-02 -5.359488402658237061e-02
5.352499999999818514e-02 -5.360610305007387083e-02
5.377499999999815761e-02 -5.361660729055446606e-02
5.402499999999813007e-02 -5.362635984592891564e-02
5.427499999999810254e-02 -5.363532971441591080e-02
5.452499999999807501e-02 -5.364349142152464306e-02
5.477499999999804747e-02 -5.365082389051121364e-02
5.502499999999801994e-02 -5.365730920973738050e-02
5.527499999999799241e-02 -5.366293503865294384e-02
5.552499999999796487e-02 -5.366768987271019337e-02
5.577499999999793734e-02 -5.367156792004071364e-02
5.602499999999790981e-02 -5.367456469188778417e-02
5.627499999999788227e-02 -5.367667713018395292e-02
5.652499999999785474e-02 -5.367790403039272157e-02
5.677499999999782720e-02 -5.367824654233210174e-02
5.702499999999779967e-02 -5.367770716642566997e-02
5.727499999999777214e-02 -5.367628802134240262e-02
5.752499999999774460e-02 -5.367399485775027623e-02
5.777499999999771707e-02 -5.367083118692589361e-02
5.802499999999768954e-02 -5.366680091232271105e-02
5.827499999999766200e-02 -5.366190984991438956e-02
5.852499999999763447e-02 -5.365616270742629146e-02
5.877499999999760694e-02 -5.364956429110569885e-02
5.902499999999757940e-02 -5.364211831368387307e-02
5.927499999999755187e-02 -5.363382800882954271e-02
5.952499999999752434e-02 -5.362469807506229508e-02
5.977499999999749680e-02 -5.361472964151767912e-02
6.002499999999746927e-02 -5.352622373003357303e-02
6.027499999999744174e-02 -4.662153425829512060e-02
6.052499999999741420e-02 -2.312437302412737386e-02
6.077499999999738667e-02 1.641041243688419124e-02
6.102499999999735913e-02 1.548506870973041447e-02
6.127499999999733160e-02 -5.767417255967785539e-03
6.152499999999730407e-02 -2.535544923842105239e-02
6.177499999999727653e-02 -3.787411388940310070e-02
6.202499999999724900e-02 -4.461448187114468167e-02
6.227499999999722147e-02 -4.666369510191128306e-02
6.252499999999719393e-02 -4.587743748981395336e-02
6.277499999999716640e-02 -4.368773605308281377e-02
6.302499999999713887e-02 -4.060767926203488754e-02
6.327499999999711133e-02 -3.647913353523827423e-02
6.352499999999708380e-02 -3.115261994860414954e-02
6.377499999999705627e-02 -2.650750573478923358e-02
6.402499999999702873e-02 -2.550475399959515471e-02
6.427499999999700120e-02 -2.787505121928479310e-02
6.452499999999697367e-02 -3.174782608251990046e-02
6.477499999999694613e-02 -3.567173407566207044e-02
6.502499999999691860e-02 -3.890980765457476009e-02
6.527499999999689106e-02 -4.121092754431267269e-02
6.552499999999686353e-02 -4.259685420896835301e-02
6.577499999999683600e-02 -4.322349218914350866e-02
6.602499999999680846e-02 -4.327406373771496700e-02
6.627499999999678093e-02 -4.289421518126156768e-02
6.652499999999675340e-02 -4.216843619792488146e-02
6.677499999999672586e-02 -4.111804847268939883e-02
6.702499999999669833e-02 -3.970668537788314689e-02
6.727499999999667080e-02 -3.785980528946800150e-02
6.752499999999664326e-02 -3.554806228447627420e-02
6.777499999999661573e-02 -3.302922374232455244e-02
6.802499999999658820e-02 -3.110111282840435920e-02
6.827499999999656066e-02 -3.066759191480430968e-02
6.852499999999653313e-02 -3.190462110004554930e-02
6.877499999999650560e-02 -3.430803514210012395e-02
6.902499999999647806e-02 -3.723020018418615046e-02
6.927499999999645053e-02 -4.016455725637196189e-02
6.952499999999642299e-02 -4.277826918562676467e-02
6.977499999999639546e-02 -4.488647117279478960e-02
7.002499999999636793e-02 -4.644009367128159455e-02
7.027499999999634039e-02 -4.749363583369311387e-02
7.052499999999631286e-02 -4.815010539197016326e-02
7.077499999999628533e-02 -4.851601168960434363e-02
7.102499999999625779e-02 -4.867962611927977024e-02
7.127499999999623026e-02 -4.870617629071565674e-02
7.152499999999620273e-02 -4.864044478766929580e-02
7.177499999999617519e-02 -4.851139611057764256e-02
7.202499999999614766e-02 -4.833636269596457841e-02
7.227499999999612013e-02 -4.812430864105866901e-02
7.252499999999609259e-02 -4.787787056420815535e-02
7.277499999999606506e-02 -4.759431598549893061e-02
7.302499999999603753e-02 -4.726556964815854800e-02
7.327499999999600999e-02 -4.687693306611919603e-02
7.352499999999598246e-02 -4.640396721835497035e-02
7.377499999999595492e-02 -4.580569154107540925e-02
7.402499999999592739e-02 -4.500992618757897884e-02
7.427499999999589986e-02 -4.387862671454491326e-02
7.452499999999587232e-02 -4.211579998294325000e-02
7.477499999999584479e-02 -3.899174016011659055e-02
7.502499999999581726e-02 -3.261869364821621403e-02
7.527499999999578972e-02 -2.202723015385009420e-02
7.552499999999576219e-02 -1.661587482576077496e-02
7.577499999999573466e-02 -1.885491485347674454e-02
7.602499999999570712e-02 -2.504024962112539818e-02
7.627499999999567959e-02 -3.235118321465593749e-02
7.652499999999565206e-02 -3.923595431371419695e-02
7.677499999999562452e-02 -4.495493509560375550e-02
7.702499999999559699e-02 -4.908384677738461543e-02
7.727499999999556946e-02 -5.167233799593273780e-02
7.752499999999554192e-02 -5.312598975827518416e-02
7.777499999999551439e-02 -5.385951668689869382e-02
7.802499999999548685e-02 -5.417066251683956557e-02
7.827499999999545932e-02 -5.424791504327989428e-02
7.852499999999543179e-02 -5.420398363742587322e-02
7.877499999999540425e-02 -5.410386767862495477e-02
7.902499999999537672e-02 -5.398388360972285194e-02
7.927499999999534919e-02 -5.386360977065825922e-02
7.952499999999532165e-02 -5.375297163223755753e-02
7.977499999999529412e-02 -5.365646437803012203e-02
8.002499999999526659e-02 -5.357556654613622460e-02
8.027499999999523905e-02 -5.351017381552131136e-02
8.052499999999521152e-02 -5.345939304137443948e-02
8.077499999999518399e-02 -5.342195570660834142e-02
8.102499999999515645e-02 -5.339649145064467167e-02
8.127499999999512892e-02 -5.338163739042253719e-02
8.152499999999510139e-02 -5.337609042793234337e-02
8.177499999999507385e-02 -5.337865178011839268e-02
8.202499999999504632e-02 -5.338823858950632328e-02
8.227499999999501878e-02 -5.340386943094861671e-02
8.252499999999499125e-02 -5.342465055736695528e-02
8.277499999999496372e-02 -5.344979820058684550e-02
8.302499999999493618e-02 -5.347858317614308243e-02
8.327499999999490865e-02 -5.351035717881265363e-02
8.352499999999488112e-02 -5.354454672680384469e-02
8.377499999999485358e-02 -5.358063165020586494e-02
8.402499999999482605e-02 -5.361814581253572520e-02
8.427499999999479852e-02 -5.365667137501559797e-02
8.452499999999477098e-02 -5.369583286968057645e-02
8.477499999999474345e-02 -5.373529861627488607e-02
8.502499999999471592e-02 -5.377477389117518713e-02
8.527499999999468838e-02 -5.381399864326551902e-02
8.552499999999466085e-02 -5.385274526443381560e-02
8.577499999999463332e-02 -5.389081559433879509e-02
8.602499999999460578e-02 -5.392804008799913229e-02
8.627499999999457825e-02 -5.396427090906115442e-02
8.652499999999455071e-02 -5.399938762926878577e-02
8.677499999999452318e-02 -5.403329163622015707e-02
8.702499999999449565e-02 -5.406589856012996437e-02
8.727499999999446811e-02 -5.409714342964121875e-02
8.752499999999444058e-02 -5.412697652212062477e-02
8.777499999999441305e-02 -5.415536169316517018e-02
8.802499999999438551e-02 -5.418227572616748922e-02
8.827499999999435798e-02 -5.420770339984655461e-02
8.852499999999433045e-02 -5.423164210575844718e-02
8.877499999999430291e-02 -5.425410019530548661e-02
8.902499999999427538e-02 -5.427508662675583490e-02
8.927499999999424785e-02 -5.429461726587121728e-02
8.952499999999422031e-02 -5.431271505138918904e-02
8.977499999999419278e-02 -5.432940731058469308e-02
9.002499999999416525e-02 -5.434472322574133984e-02
9.027499999999413771e-02 -5.435869438925856889e-02
9.052499999999411018e-02 -5.437135544342260735e-02
9.077499999999408264e-02 -5.438274282462967485e-02
9.102499999999405511e-02 -5.439289337803811242e-02
9.127499999999402758e-02 -5.440184468057973621e-02
9.152499999999400004e-02 -5.440963535163493431e-02
9.177499999999397251e-02 -5.441630248744731835e-02
9.202499999999394498e-02 -5.442188381197188979e-02
9.227499999999391744e-02 -5.442641628717615615e-02
9.252499999999388991e-02 -5.442993577744759115e-02
9.277499999999386238e-02 -5.443247929169020560e-02
9.302499999999383484e-02 -5.443408007465323772e-02
9.327499999999380731e-02 -5.443477320760989335e-02
9.352499999999377978e-02 -5.443459062622264116e-02
9.377499999999375224e-02 -5.443356438598389441e-02
9.402499999999372471e-02 -5.443172414605387810e-02
9.427499999999369718e-02 -5.442909860873374611e-02
9.452499999999366964e-02 -5.442571584432497056e-02
9.477499999999364211e-02 -5.442160266599477270e-02
9.502499999999361457e-02 -5.441678431367012736e-02
9.527499999999358704e-02 -5.441128478148172382e-02
9.552499999999355951e-02 -5.440512683697134450e-02
9.577499999999353197e-02 -5.439833203067599016e-02
9.602499999999350444e-02 -5.439092076790233432e-02
9.627499999999347691e-02 -5.438291227694522223e-02
9.652499999999344937e-02 -5.437432445173027984e-02
9.677499999999342184e-02 -5.436517418896036347e-02
9.702499999999339431e-02 -5.435547728003888718e-02
9.727499999999336677e-02 -5.434524838778258260e-02
9.752499999999333924e-02 -5.433450116597997315e-02
9.777499999999331171e-02 -5.432324834620420873e-02
9.802499999999328417e-02 -5.431150092694064097e-02
9.827499999999325664e-02 -5.429927060661106364e-02
9.852499999999322911e-02 -5.428656656464685148e-02
9.877499999999320157e-02 -5.427339684518002472e-02
9.902499999999317404e-02 -5.425976992262801502e-02
9.927499999999314650e-02 -5.424569329510139926e-02
9.952499999999311897e-02 -5.423117221341511307e-02
9.977499999999309144e-02 -5.421621173539638988e-02
1.000249999999930639e-01 -5.420081613818535787e-02
1.002749999999930364e-01 -5.418498869472843787e-02
1.005249999999930088e-01 -5.416873183119105817e-02
1.007749999999929813e-01 -5.415204711157806106e-02
1.010249999999929538e-01 -5.413493511393169255e-02
1.012749999999929262e-01 -5.411739575073860886e-02
1.015249999999928987e-01 -5.409942741545455819e-02
1.017749999999928712e-01 -5.408102789879964956e-02
1.020249999999928436e-01 -5.406219565138446759e-02
1.022749999999928161e-01 -5.404292608544251225e-02
1.025249999999927886e-01 -5.402321319217281287e-02
1.027749999999927610e-01 -5.400305406027874205e-02
1.030249999999927335e-01 -5.398244008424894075e-02
1.032749999999927060e-01 -5.396136302756134040e-02
1.035249999999926784e-01 -5.393981217365861197e-02
1.037749999999926509e-01 -5.391778028354581032e-02
1.040249999999926234e-01 -5.389525420745396728e-02
1.042749999999925958e-01 -5.387222023031821433e-02
1.045249999999925683e-01 -5.384866478068899009e-02
1.047749999999925408e-01 -5.382457114578440005e-02
1.050249999999925132e-01 -5.379992317101931626e-02
1.052749999999924857e-01 -5.377469902829690174e-02
1.055249999999924582e-01 -5.374888144809867457e-02
1.057749999999924306e-01 -5.372244400113401763e-02
1.060249999999924031e-01 -5.369536197325341237e-02
1.062749999999923756e-01 -5.366760787621838169e-02
1.065249999999923480e-01 -5.363914967253315819e-02
1.067749999999923205e-01 -5.360995353489246551e-02
1.070249999999922930e-01 -5.357998447276522691e-02
1.072749999999922654e-01 -5.354920062735985670e-02
1.075249999999922379e-01 -5.351755716372191829e-02
1.077749999999922104e-01 -5.348500498199691700e-02
1.080249999999921828e-01 -5.345148995988557861e-02
1.082749999999921553e-01 -5.341695216348804620e-02
1.085249999999921278e-01 -5.338132538985175535e-02
1.087749999999921002e-01 -5.334453523937134067e-02
1.090249999999920727e-01 -5.330650170190340958e-02
1.092749999999920452e-01 -5.326712980943664605e-02
1.095249999999920176e-01 -5.322632277830151304e-02
1.097749999999919901e-01 -5.318396675473226198e-02
1.100249999999919626e-01 -5.313993251905895637e-02
1.102749999999919350e-01 -5.309407827726225076e-02
1.105249999999919075e-01 -5.304623488686372595e-02
1.107749999999918800e-01 -5.299622260667937595e-02
1.110249999999918524e-01 -5.294382502896454595e-02
1.112749999999918249e-01 -5.288879958303521756e-02
1.115249999999917974e-01 -5.283086255994210584e-02
1.117749999999917698e-01 -5.276968839917869220e-02
1.120249999999917423e-01 -5.270489992984553340e-02
1.122749999999917148e-01 -5.263603920785068363e-02
1.125249999999916872e-01 -5.256257540357451435e-02
1.127749999999916597e-01 -5.248387010783063522e-02
1.130249999999916322e-01 -5.239916348662926326e-02
1.132749999999916046e-01 -5.230750361529206555e-02
1.135249999999915771e-01 -5.220775978623426461e-02
1.137749999999915496e-01 -5.209848051968467980e-02
1.140249999999915220e-01 -5.197784887385965835e-02
1.142749999999914945e-01 -5.184353625032998847e-02
1.145249999999914670e-01 -5.169244817674979731e-02
1.147749999999914394e-01 -5.152057675615123733e-02
1.150249999999914119e-01 -5.132226177680745266e-02
1.152749999999913844e-01 -5.108960528602159157e-02
1.155249999999913568e-01 -5.081098712230190662e-02
1.157749999999913293e-01 -5.046865779371772359e-02
1.160249999999913018e-01 -5.003378831497685975e-02
1.162749999999912742e-01 -4.945613783351675979e-02
1.165249999999912467e-01 -4.863850331253502524e-02
1.167749999999912192e-01 -4.736273329039090291e-02
1.170249999999911916e-01 -4.500703027831395170e-02
1.172749999999911641e-01 -3.882207480801409122e-02
1.175249999999911366e-01 -1.112963319211341187e-02
1.177749999999911090e-01 6.601879695285216287e-03
1.180249999999910815e-01 -1.976585344373811608e-05
1.182749999999910540e-01 -1.564835166682440257e-02
1.185249999999910264e-01 -3.114171710015978603e-02
1.187749999999909989e-01 -4.375946275913546873e-02
1.190249999999909714e-01 -5.236122249058119266e-02
1.192749999999909438e-01 -5.647658923014917814e-02
1.195249999999909163e-01 -5.788909892074051849e-02
1.197749999999908888e-01 -5.803831567028667343e-02
1.200249999999908612e-01 -5.766286803810721784e-02
1.202749999999908337e-01 -5.711091155371807865e-02
1.205249999999908062e-01 -5.653874452189607686e-02
1.207749999999907786e-01 -5.601076894870844758e-02
1.210249999999907511e-01 -5.554845313241599247e-02
1.212749999999907236e-01 -5.515407273389769105e-02
1.215249999999906960e-01 -5.482203406127434536e-02
1.217749999999906685e-01 -5.454427006842486880e-02
1.220249999999906410e-01 -5.431252247860969551e-02
1.222749999999906134e-01 -5.411933380673236704e-02
1.225249999999905859e-01 -5.395826492537456748e-02
1.227749999999905584e-01 -5.382400145872195257e-02
1.230249999999905308e-01 -5.371209978416992270e-02
1.232749999999905033e-01 -5.361898695056210862e-02
1.235249999999904758e-01 -5.354168836672978243e-02
1.237749999999904482e-01 -5.347777326990464652e-02
1.240249999999904207e-01 -5.342524849677257603e-02
1.242749999999903932e-01 -5.338246857972808040e-02
1.245249999999903656e-01 -5.334805204624029629e-02
1.247749999999903381e-01 -5.332083969230285575e-02
1.250249999999903106e-01 -5.329984633831608143e-02
1.252749999999902830e-01 -5.328424380009606082e-02
1.255249999999902555e-01 -5.327332944142624399e-02
1.257749999999902280e-01 -5.326646655804655878e-02
1.260249999999902004e-01 -5.326312048608305288e-02
1.262749999999901729e-01 -5.326282264674699063e-02
1.265249999999901453e-01 -5.326514956376819654e-02
1.267749999999901178e-01 -5.326973367511800284e-02
1.270249999999900903e-01 -5.327624739299535728e-02
1.272749999999900627e-01 -5.328439626020845671e-02
1.275249999999900352e-01 -5.329391226798311371e-02
1.277749999999900077e-01 -5.330455622427707207e-02
1.280249999999899801e-01 -5.331611139489143836e-02
1.282749999999899526e-01 -5.332838027144294613e-02
1.285249999999899251e-01 -5.334118554429352621e-02
1.287749999999898975e-01 -5.335436534131676733e-02
1.290249999999898700e-01 -5.336777319421075194e-02
1.292749999999898425e-01 -5.338127610579388588e-02
1.295249999999898149e-01 -5.339475368121024412e-02
1.297749999999897874e-01 -5.340809695440797839e-02
1.300249999999897599e-01 -5.342120782016464980e-02
1.302749999999897323e-01 -5.343399776807144369e-02
1.305249999999897048e-01 -5.344638758702505849e-02
1.307749999999896773e-01 -5.345830665184314601e-02
1.310249999999896497e-01 -5.346969187035754273e-02
1.312749999999896222e-01 -5.348048725579539892e-02
1.315249999999895947e-01 -5.349064367494333477e-02
1.317749999999895671e-01 -5.350011824385623310e-02
1.320249999999895396e-01 -5.350887368941415617e-02
1.322749999999895121e-01 -5.351687792584507164e-02
1.325249999999894845e-01 -5.352410293309230876e-02
1.327749999999894570e-01 -5.353052535851558769e-02
1.330249999999894295e-01 -5.353612557522198501e-02
1.332749999999894019e-01 -5.354088730042312616e-02
1.335249999999893744e-01 -5.354479651283209490e-02
1.337749999999893469e-01 -5.354784337169432584e-02
1.340249999999893193e-01 -5.355001955981375517e-02
1.342749999999892918e-01 -5.355131893987577496e-02
1.345249999999892643e-01 -5.355173625303662893e-02
1.347749999999892367e-01 -5.355126884467997783e-02
1.350249999999892092e-01 -5.354991366658756746e-02
1.352749999999891817e-01 -5.354767062180351006e-02
1.355249999999891541e-01 -5.354453891242937080e-02
1.357749999999891266e-01 -5.354051867209334847e-02
1.360249999999890991e-01 -5.353561007932660515e-02
1.362749999999890715e-01 -5.352981352122456599e-02
1.365249999999890440e-01 -5.352312879331153767e-02
1.367749999999890165e-01 -5.351555558878259150e-02
1.370249999999889889e-01 -5.350709278532935625e-02
1.372749999999889614e-01 -5.349773891816814175e-02
1.375249999999889339e-01 -5.348749227949988611e-02
1.377749999999889063e-01 -5.347634880442946742e-02
1.380249999999888788e-01 -5.346430383839374800e-02
1.382749999999888513e-01 -5.345135090213009449e-02
1.385249999999888237e-01 -5.343748222741004361e-02
1.387749999999887962e-01 -5.342268827385074359e-02
1.390249999999887687e-01 -5.340695753129882928e-02
1.392749999999887411e-01 -5.339027630819247194e-02
1.395249999999887136e-01 -5.337262850295543259e-02
1.397749999999886861e-01 -5.335399535454173059e-02
1.400249999999886585e-01 -5.333435516769729351e-02
1.402749999999886310e-01 -5.331368300781517272e-02
1.405249999999886035e-01 -5.329195035943740805e-02
1.407749999999885759e-01 -5.326912474139849918e-02
1.410249999999885484e-01 -5.324516849720079686e-02
1.412749999999885209e-01 -5.322004010020356390e-02
1.415249999999884933e-01 -5.319369167434880030e-02
1.417749999999884658e-01 -5.316607209053626076e-02
1.420249999999884383e-01 -5.313711771973495673e-02
1.422749999999884107e-01 -5.310676227335699162e-02
1.425249999999883832e-01 -5.307493178433149439e-02
1.427749999999883557e-01 -5.304153569504827664e-02
1.430249999999883281e-01 -5.300647945488637380e-02
1.432749999999883006e-01 -5.296964747290679870e-02
1.435249999999882731e-01 -5.293091585272092364e-02
1.437749999999882455e-01 -5.289013989280676870e-02
1.440249999999882180e-01 -5.284715431303620148e-02
1.442749999999881905e-01 -5.280177034577802214e-02
1.445249999999881629e-01 -5.275377000113518067e-02
1.447749999999881354e-01 -5.270290261277960076e-02
1.450249999999881079e-01 -5.264887772385536124e-02
1.452749999999880803e-01 -5.259135372048288209e-02
1.455249999999880528e-01 -5.252992886523093208e-02
1.457749999999880253e-01 -5.246413156749086398e-02
1.460249999999879977e-01 -5.239339220353456811e-02
1.462749999999879702e-01 -5.231703251993188170e-02
1.465249999999879427e-01 -5.223422973532215741e-02
1.467749999999879151e-01 -5.214400319617644441e-02
1.470249999999878876e-01 -5.204508548161490555e-02
1.472749999999878601e-01 -5.193592494977064544e-02
1.475249999999878325e-01 -5.181452086779798905e-02
1.477749999999878050e-01 -5.167829410615762398e-02
1.480249999999877775e-01 -5.152390158759395655e-02
1.482749999999877499e-01 -5.134672955727189597e-02
1.485249999999877224e-01 -5.114044729621154001e-02
1.487749999999876949e-01 -5.089595987217725159e-02
1.490249999999876673e-01 -5.059978283697895429e-02
1.492749999999876398e-01 -5.023085811601094020e-02
1.495249999999876123e-01 -4.975420287930484853e-02
1.497749999999875847e-01 -4.910671458700272690e-02
1.500249999999875572e-01 -4.816061296837922251e-02
1.502749999999875297e-01 -4.660795127968767743e-02
1.505249999999875021e-01 -4.345626672457943152e-02
1.507749999999874746e-01 -3.318092962102989207e-02
1.510249999999874471e-01 -7.583887768893919331e-04
1.512749999999874195e-01 5.584036732612370629e-03
1.515249999999873920e-01 -5.349996030040853577e-03
1.517749999999873645e-01 -2.141024054825147946e-02
1.520249999999873369e-01 -3.583114722359088955e-02
1.522749999999873094e-01 -4.715514010505699599e-02
1.525249999999872819e-01 -5.406278856616240913e-02
1.527749999999872543e-01 -5.705569763925939092e-02
1.530249999999872268e-01 -5.794628036812415894e-02
1.532749999999871993e-01 -5.788586917721043335e-02
1.535249999999871717e-01 -5.744543857781523460e-02
1.537749999999871442e-01 -5.689177185432815753e-02
1.540249999999871167e-01 -5.634292922449907204e-02
1.542749999999870891e-01 -5.584588804842741810e-02
1.545249999999870616e-01 -5.541457805338780018e-02
1.547749999999870341e-01 -5.504833882551360413e-02
1.550249999999870065e-01 -5.474080924088329386e-02
1.552749999999869790e-01 -5.448399834844370321e-02
1.555249999999869515e-01 -5.427006835147572122e-02
1.557749999999869239e-01 -5.409205067194864519e-02
1.560249999999868964e-01 -5.394402355510935498e-02
1.562749999999868689e-01 -5.382099808389918805e-02
1.565249999999868413e-01 -5.371891303068437179e-02
1.567749999999868138e-01 -5.363444997965430283e-02
1.570249999999867863e-01 -5.356483991792325428e-02
1.572749999999867587e-01 -5.350783129351140838e-02
1.575249999999867312e-01 -5.346157419039959668e-02
1.577749999999867037e-01 -5.342450090637296256e-02
1.580249999999866761e-01 -5.339531631880994195e-02
1.582749999999866486e-01 -5.337293132213509483e-02
1.585249999999866211e-01 -5.335641374829189904e-02
1.587749999999865935e-01 -5.334496142642031896e-02
1.590249999999865660e-01 -5.333788594449269393e-02
1.592749999999865385e-01 -5.333459605911915896e-02
1.595249999999865109e-01 -5.333456827298335701e-02
1.597749999999864834e-01 -5.333735220399778848e-02
1.600249999999864559e-01 -5.334254400972155558e-02
1.602749999999864283e-01 -5.334978082272582439e-02
1.605249999999864008e-01 -5.335874440130303209e-02
1.607749999999863733e-01 -5.336914403872811130e-02
1.610249999999863457e-01 -5.338072134521840151e-02
1.612749999999863182e-01 -5.339324290573271847e-02
1.615249999999862907e-01 -5.340649918023617632e-02
1.617749999999862631e-01 -5.342029976788324752e-02
1.620249999999862356e-01 -5.343447258215255208e-02
1.622749999999862081e-01 -5.344886266513750039e-02
1.625249999999861805e-01 -5.346333002836697879e-02
1.627749999999861530e-01 -5.347774855186554488e-02
1.630249999999861255e-01 -5.349200496622553286e-02
1.632749999999860979e-01 -5.350599771076475913e-02
1.635249999999860704e-01 -5.351963596139688167e-02
1.637749999999860429e-01 -5.353283886018370130e-02
1.640249999999860153e-01 -5.354553489785984083e-02
1.642749999999859878e-01 -5.355766035259150459e-02
1.645249999999859603e-01 -5.356916079484518034e-02
1.647749999999859327e-01 -5.357998752795062325e-02
1.650249999999859052e-01 -5.359009895026171227e-02
1.652749999999858777e-01 -5.359945945031772269e-02
1.655249999999858501e-01 -5.360803879165326746e-02
1.657749999999858226e-01 -5.361581247294627123e-02
1.660249999999857951e-01 -5.362275862474283339e-02
1.662749999999857675e-01 -5.362886124647967684e-02
1.665249999999857400e-01 -5.363410606173288353e-02
1.667749999999857125e-01 -5.363848322997053636e-02
1.670249999999856849e-01 -5.364198614918334884e-02
1.672749999999856574e-01 -5.364460845316944282e-02
1.675249999999856299e-01 -5.364634792008454722e-02
1.677749999999856023e-01 -5.364720345094595166e-02
1.680249999999855748e-01 -5.364717482142562083e-02
1.682749999999855472e-01 -5.364626329403267280e-02
1.685249999999855197e-01 -5.364447139206653115e-02
1.687749999999854922e-01 -5.364180217770248005e-02
1.690249999999854646e-01 -5.363825906132525106e-02
1.692749999999854371e-01 -5.363384567131407321e-02
1.695249999999854096e-01 -5.362856588549473613e-02
1.697749999999853820e-01 -5.362242335601361681e-02
1.700249999999853545e-01 -5.361542097192453782e-02
