2.500000000000000120e-05 -5.343591768969265660e-02
2.750000000000000708e-04 -5.338718308200910562e-02
5.250000000000000760e-04 -5.333664509290651778e-02
7.749999999999996475e-04 -5.328410038077024957e-02
1.024999999999999436e-03 -5.322939794237357275e-02
1.275000000000000092e-03 -5.317236447689168560e-02
1.525000000000000747e-03 -5.311280391442120552e-02
1.775000000000001403e-03 -5.305049134421278845e-02
2.025000000000001625e-03 -5.298517470964823201e-02
2.275000000000000112e-03 -5.291656154642394860e-02
2.524999999999998600e-03 -5.284431320683413702e-02
2.774999999999997087e-03 -5.276803592526662506e-02
3.024999999999995574e-03 -5.268729384714638392e-02
3.274999999999994062e-03 -5.260155979874664434e-02
3.524999999999992549e-03 -5.251020609756189977e-02
3.774999999999991036e-03 -5.241251825625279498e-02
4.024999999999989524e-03 -5.230764867019148390e-02
4.274999999999988011e-03 -5.219455049169803573e-02
4.524999999999986498e-03 -5.207196626503972359e-02
4.774999999999984986e-03 -5.193835750949320207e-02
5.024999999999983473e-03 -5.179179735287504222e-02
5.274999999999981960e-03 -5.162990779678253844e-02
5.524999999999980448e-03 -5.144960791537546430e-02
5.774999999999978935e-03 -5.124689801183602428e-02
6.024999999999977422e-03 -5.101642573910872974e-02
6.274999999999975910e-03 -5.075093881510309851e-02
6.524999999999974397e-03 -5.044022939437724923e-02
6.774999999999972884e-03 -5.006942841070746719e-02
7.024999999999971372e-03 -4.961591669400544635e-02
7.274999999999969859e-03 -4.904332182167320947e-02
7.524999999999968346e-03 -4.828853262351567865e-02
7.774999999999966833e-03 -4.723079327774552805e-02
8.024999999999973127e-03 -4.560325835898553642e-02
8.274999999999980288e-03 -4.267235664933972938e-02
8.524999999999987449e-03 -3.562514107266469277e-02
8.774999999999994610e-03 -1.572805338495663133e-02
9.025000000000001771e-03 -2.056676852683652322e-03
9.275000000000008932e-03 -3.445626294485882538e-03
9.525000000000016093e-03 -1.383647751861775965e-02
9.775000000000023254e-03 -2.701032577545484786e-02
1.002500000000003041e-02 -3.875136140658942685e-02
1.027500000000003758e-02 -4.765047468512723094e-02
1.052500000000004474e-02 -5.321019655473770149e-02
1.077500000000005190e-02 -5.611247596705040003e-02
1.102500000000005906e-02 -5.742057233263016952e-02
1.127500000000006622e-02 -5.786616510736743851e-02
1.152500000000007338e-02 -5.786798728382594459e-02
1.177500000000008054e-02 -5.765406262018453465e-02
1.202500000000008770e-02 -5.734621695921005707e-02
1.227500000000009486e-02 -5.700848980074288419e-02
1.252500000000010202e-02 -5.667364617353948947e-02
1.277500000000010918e-02 -5.635756005037347721e-02
1.302500000000011635e-02 -5.606702232279075354e-02
1.327500000000012351e-02 -5.580397734059151099e-02
1.352500000000013067e-02 -5.556792628430736597e-02
1.377500000000013783e-02 -5.535714842993770535e-02
1.402500000000014499e-02 -5.516945482727587946e-02
1.427500000000015215e-02 -5.500250231365385462e-02
1.452500000000015931e-02 -5.485402962067543325e-02
1.477500000000016647e-02 -5.472195509721274054e-02
1.502500000000017363e-02 -5.460439108631937738e-02
1.527500000000018079e-02 -5.449966525280738189e-02
1.552500000000018796e-02 -5.440630015248461293e-02
1.577500000000019512e-02 -5.432297294294570478e-02
1.602500000000020228e-02 -5.424853195863097582e-02
1.627500000000020944e-02 -5.418197945848193808e-02
1.652500000000021660e-02 -5.412241872257025910e-02
1.677500000000022376e-02 -5.406909358606347415e-02
1.702500000000023092e-02 -5.402130190721762121e-02
1.727500000000023808e-02 -5.397844812491153776e-02
1.752500000000024524e-02 -5.393999308588118963e-02
1.777500000000025240e-02 -5.390545233274219444e-02
1.802500000000025956e-02 -5.387440359657029443e-02
1.827500000000026673e-02 -5.384646466750613730e-02
1.852500000000027389e-02 -5.382129493913186125e-02
1.877500000000028105e-02 -5.379858838286338124e-02
1.902500000000028821e-02 -5.377806353728635524e-02
1.927500000000029537e-02 -5.375947442921864133e-02
1.952500000000030253e-02 -5.374259182025672987e-02
1.977500000000030969e-02 -5.372721169131620955e-02
2.002500000000031685e-02 -5.371314418440277516e-02
2.027500000000032401e-02 -5.370022149928353750e-02
2.052500000000033117e-02 -5.368828410047405547e-02
2.077500000000033833e-02 -5.367718832655903050e-02
2.102500000000034550e-02 -5.366680417223052696e-02
2.127500000000035266e-02 -5.365701174906753468e-02
2.152500000000035982e-02 -5.364770027603939923e-02
2.177500000000036698e-02 -5.363876773872679887e-02
2.202500000000037414e-02 -5.363012010875413405e-02
2.227500000000038130e-02 -5.362167061148759989e-02
2.252500000000038846e-02 -5.361333885728806342e-02
2.277500000000039562e-02 -5.360505023902484290e-02
2.302500000000040278e-02 -5.359673551051315904e-02
2.327500000000040994e-02 -5.358833024216769214e-02
2.352500000000041711e-02 -5.357977429217069404e-02
2.377500000000042427e-02 -5.357101151180574533e-02
2.402500000000043143e-02 -5.356198932772101434e-02
2.427500000000043859e-02 -5.355265782867681124e-02
2.452500000000044575e-02 -5.354297038272089193e-02
2.477500000000045291e-02 -5.353288182705936982e-02
2.502500000000046007e-02 -5.352235089920281963e-02
2.527500000000046723e-02 -5.351133653018693564e-02
2.552500000000047439e-02 -5.349979961437530823e-02
2.577500000000048155e-02 -5.348770230621092969e-02
2.602500000000048871e-02 -5.347500742660828837e-02
2.627500000000049588e-02 -5.346167953792329425e-02
2.652500000000050304e-02 -5.344768202411204899e-02
2.677500000000051020e-02 -5.343298012166612654e-02
2.702500000000051736e-02 -5.341753834982335830e-02
2.727500000000052452e-02 -5.340132044657223964e-02
2.752500000000053168e-02 -5.338428976531202352e-02
2.777500000000053884e-02 -5.336640935132561103e-02
2.802500000000054600e-02 -5.334764040314161904e-02
2.827500000000055316e-02 -5.332794299184901582e-02
2.852500000000056032e-02 -5.330727577901451381e-02
2.877500000000056748e-02 -5.328559375649398466e-02
2.902500000000057465e-02 -5.326285012348207920e-02
2.927500000000058181e-02 -5.323899645201021075e-02
2.952500000000058897e-02 -5.321397972120444492e-02
2.977500000000059613e-02 -5.318774309083906804e-02
3.002500000000060329e-02 -5.316022307029098087e-02
3.027500000000061045e-02 -5.313135476736956936e-02
3.052500000000061761e-02 -5.310106663064970839e-02
3.077500000000062477e-02 -5.306927897686049278e-02
3.102500000000063193e-02 -5.303590784665317831e-02
3.127500000000063562e-02 -5.300085723900693074e-02
3.152500000000060809e-02 -5.296402247121736323e-02
3.177500000000058056e-02 -5.292528768786104038e-02
3.202500000000055302e-02 -5.288452567265265747e-02
3.227500000000052549e-02 -5.284159149680409118e-02
3.252500000000049796e-02 -5.279632799433351537e-02
3.277500000000047042e-02 -5.274855355127532064e-02
3.302500000000044289e-02 -5.269806914209197723e-02
3.327500000000041536e-02 -5.264464774386044821e-02
3.352500000000038782e-02 -5.258802881384533334e-02
3.377500000000036029e-02 -5.252791552593281954e-02
3.402500000000033276e-02 -5.246397204299241279e-02
3.427500000000030522e-02 -5.239580478502244010e-02
3.452500000000027769e-02 -5.232296762437660398e-02
3.477500000000025016e-02 -5.224492927603772291e-02
3.502500000000022262e-02 -5.216106720815187614e-02
3.527500000000019509e-02 -5.207065094468846245e-02
3.552500000000016755e-02 -5.197282764722661874e-02
3.577500000000014002e-02 -5.186653919719404204e-02
3.602500000000011249e-02 -5.175051434263159417e-02
3.627500000000008495e-02 -5.162317751700214868e-02
3.652500000000005742e-02 -5.148261494122218646e-02
3.677500000000002989e-02 -5.132637463225614427e-02
3.702500000000000235e-02 -5.115136415256370250e-02
3.727499999999997482e-02 -5.095347883929893934e-02
3.752499999999994729e-02 -5.072728158801441400e-02
3.777499999999991975e-02 -5.046537430291307691e-02
3.802499999999989222e-02 -5.015737054750843416e-02
3.827499999999986469e-02 -4.978810786262388016e-02
3.852499999999983715e-02 -4.933447914290223224e-02
3.877499999999980962e-02 -4.875930649317128385e-02
3.902499999999978209e-02 -4.799810406101802374e-02
3.927499999999975455e-02 -4.692745162527819924e-02
3.952499999999972702e-02 -4.527505636205338135e-02
3.977499999999969948e-02 -4.229710614008062169e-02
4.002499999999967195e-02 -3.521859559127209216e-02
4.027499999999964442e-02 -1.635498992359139467e-02
4.052499999999961688e-02 -3.537409538364648907e-03
4.077499999999958935e-02 -4.718215122166541202e-03
4.102499999999956182e-02 -1.437098033487022898e-02
4.127499999999953428e-02 -2.685357857546041144e-02
4.152499999999950675e-02 -3.817833837997081092e-02
4.177499999999947922e-02 -4.690851717582493474e-02
4.202499999999945168e-02 -5.252455843145699410e-02
4.227499999999942415e-02 -5.556458308493179843e-02
4.252499999999939662e-02 -5.700528629367628691e-02
4.277499999999936908e-02 -5.755781315475420185e-02
4.302499999999934155e-02 -5.764147455905792999e-02
4.327499999999931402e-02 -5.748957668053687742e-02
4.352499999999928648e-02 -5.722903363653823045e-02
4.377499999999925895e-02 -5.692790631092432829e-02
4.402499999999923141e-02 -5.662189901837583889e-02
4.427499999999920388e-02 -5.632898818901194843e-02
4.452499999999917635e-02 -5.605746830667179825e-02
4.477499999999914881e-02 -5.581037775544361174e-02
4.502499999999912128e-02 -5.558797694973779957e-02
4.527499999999909375e-02 -5.538913689786831296e-02
4.552499999999906621e-02 -5.521206947969354434e-02
4.577499999999903868e-02 -5.505474083903299370e-02
4.602499999999901115e-02 -5.491513976639451899e-02
4.627499999999898361e-02 -5.479135541891129446e-02
4.652499999999895608e-02 -5.468163323816482152e-02
4.677499999999892855e-02 -5.458439739582130606e-02
4.702499999999890101e-02 -5.449824666574847043e-02
4.727499999999887348e-02 -5.442193240408687432e-02
4.752499999999884595e-02 -5.435434281989417332e-02
4.777499999999881841e-02 -5.429450366280150209e-02
4.802499999999879088e-02 -5.424156899597259301e-02
4.827499999999876334e-02 -5.419477562783162755e-02
4.852499999999873581e-02 -5.415345608565300811e-02
4.877499999999870828e-02 -5.411701553074398097e-02
4.902499999999868074e-02 -5.408492724705774024e-02
4.927499999999865321e-02 -5.405672052290783069e-02
4.952499999999862568e-02 -5.403196887886627109e-02
4.977499999999859814e-02 -5.401029599721143826e-02
5.002499999999857061e-02 -5.399135746887160497e-02
5.027499999999854308e-02 -5.397485371378912822e-02
5.052499999999851554e-02 -5.396050626458018251e-02
5.077499999999848801e-02 -5.394806339226745906e-02
5.102499999999846048e-02 -5.393730103086936262e-02
5.127499999999843294e-02 -5.392800969919558235e-02
5.152499999999840541e-02 -5.392000483467063177e-02
5.177499999999837788e-02 -5.391311393374058347e-02
5.202499999999835034e-02 -5.390718324982270854e-02
5.227499999999832281e-02 -5.390206736778640345e-02
5.252499999999829527e-02 -5.389763780521678732e-02
5.277499999999826774e-02 -5.389377592037917358e-02
5.302499999999824021e-02 -5.389037259804398128e-02
5.327499999999821267e-02 -5.388732809432278392e-02
5.352499999999818514e-02 -5.388455089861408226e-02
5.377499999999815761e-02 -5.388195728382999539e-02
5.402499999999813007e-02 -5.387947033981228817e-02
5.427499999999810254e-02 -5.387701953348652401e-02
5.452499999999807501e-02 -5.387454013153992333e-02
5.477499999999804747e-02 -5.387197272171346391e-02
5.502499999999801994e-02 -5.386926269532021916e-02
5.527499999999799241e-02 -5.386635993231309733e-02
5.552499999999796487e-02 -5.386321847758743925e-02
5.577499999999793734e-02 -5.385979596783253137e-02
5.602499999999790981e-02 -5.385605221005680676e-02
5.627499999999788227e-02 -5.385195300203790558e-02
5.652499999999785474e-02 -5.384746435343865101e-02
5.677499999999782720e-02 -5.384255507736687013e-02
5.702499999999779967e-02 -5.383719659286442805e-02
5.727499999999777214e-02 -5.383136242620952666e-02
5.752499999999774460e-02 -5.382502717667566466e-02
5.777499999999771707e-02 -5.381816815561828171e-02
5.802499999999768954e-02 -5.381076264711631002e-02
5.827499999999766200e-02 -5.380279011255367783e-02
5.852499999999763447e-02 -5.379423063654233811e-02
5.877499999999760694e-02 -5.378506484036057328e-02
5.902499999999757940e-02 -5.377527471344550197e-02
5.927499999999755187e-02 -5.376484196449874547e-02
5.952499999999752434e-02 -5.375374884158065636e-02
5.977499999999749680e-02 -5.374197762555869146e-02
6.002499999999746927e-02 -5.364364376147951613e-02
6.027499999999744174e-02 -4.588597874324253090e-02
6.052499999999741420e-02 -2.341262304363067245e-02
6.077499999999738667e-02 1.184572108115639587e-02
6.102499999999735913e-02 1.884117558712809087e-02
6.127499999999733160e-02 -7.838385044151957278e-04
6.152499999999730407e-02 -2.351761859434658986e-02
6.177499999999727653e-02 -3.761510207991135973e-02
6.202499999999724900e-02 -4.434532417749265792e-02
6.227499999999722147e-02 -4.593895305144481828e-02
6.252499999999719393e-02 -4.464864321204122660e-02
6.277499999999716640e-02 -4.193636594717906757e-02
6.302499999999713887e-02 -3.839553097276064697e-02
6.327499999999711133e-02 -3.423854861624711643e-02
6.352499999999708380e-02 -3.014996601774379975e-02
6.377499999999705627e-02 -2.764602344244251539e-02
6.402499999999702873e-02 -2.758379224197860663e-02
6.427499999999700120e-02 -2.945029785724641649e-02
6.452499999999697367e-02 -3.222100514193696613e-02
6.477499999999694613e-02 -3.503165354887519817e-02
6.502499999999691860e-02 -3.737621306539819915e-02
6.527499999999689106e-02 -3.905689135714913302e-02
6.552499999999686353e-02 -4.007001505185821266e-02
6.577499999999683600e-02 -4.050702045822541369e-02
6.602499999999680846e-02 -4.048701040067312351e-02
6.627499999999678093e-02 -4.012078150635364771e-02
6.652499999999675340e-02 -3.949964170856832407e-02
6.677499999999672586e-02 -3.870046784398611939e-02
6.702499999999669833e-02 -3.780018316054413463e-02
6.727499999999667080e-02 -3.689250444597848982e-02
6.752499999999664326e-02 -3.609681505647510669e-02
6.777499999999661573e-02 -3.554651249652633627e-02
6.802499999999658820e-02 -3.535356644757935846e-02
6.827499999999656066e-02 -3.556864175558916569e-02
6.852499999999653313e-02 -3.616486520292591655e-02
6.877499999999650560e-02 -3.705351645257577015e-02
6.902499999999647806e-02 -3.811658598232170458e-02
6.927499999999645053e-02 -3.923729857390728659e-02
6.952499999999642299e-02 -4.031931304419401896e-02
6.977499999999639546e-02 -4.129449023806743696e-02
7.002499999999636793e-02 -4.212279255006849688e-02
7.027499999999634039e-02 -4.278761359151551230e-02
7.052499999999631286e-02 -4.328919253774778791e-02
7.077499999999628533e-02 -4.363798440475125801e-02
7.102499999999625779e-02 -4.384908985870424741e-02
7.127499999999623026e-02 -4.393807896799603596e-02
7.152499999999620273e-02 -4.391860886070982073e-02
7.177499999999617519e-02 -4.380090665577413694e-02
7.202499999999614766e-02 -4.359089417937663663e-02
7.227499999999612013e-02 -4.328981399385267714e-02
7.252499999999609259e-02 -4.289382296198709227e-02
7.277499999999606506e-02 -4.239350838974721702e-02
7.302499999999603753e-02 -4.177357077407622271e-02
7.327499999999600999e-02 -4.101296948324795189e-02
7.352499999999598246e-02 -4.008725347839142000e-02
7.377499999999595492e-02 -3.897677917168741735e-02
7.402499999999592739e-02 -3.768763952509337350e-02
7.427499999999589986e-02 -3.629289661378051757e-02
7.452499999999587232e-02 -3.498187203162244491e-02
7.477499999999584479e-02 -3.405756559147989776e-02
7.502499999999581726e-02 -3.381945488565868407e-02
7.527499999999578972e-02 -3.440429461210146866e-02
7.552499999999576219e-02 -3.573733655793098762e-02
7.577499999999573466e-02 -3.760616050462793625e-02
7.602499999999570712e-02 -3.975846128466963697e-02
7.627499999999567959e-02 -4.196314228005075531e-02
7.652499999999565206e-02 -4.403709738355618408e-02
7.677499999999562452e-02 -4.585850877631418576e-02
7.702499999999559699e-02 -4.737110753798255691e-02
7.727499999999556946e-02 -4.857389322649818819e-02
7.752499999999554192e-02 -4.950020949074562804e-02
7.777499999999551439e-02 -5.019759811954317696e-02
7.802499999999548685e-02 -5.071442019884933594e-02
7.827499999999545932e-02 -5.109327388705975359e-02
7.852499999999543179e-02 -5.136899779674581473e-02
7.877499999999540425e-02 -5.156875817558564251e-02
7.902499999999537672e-02 -5.171321905678600422e-02
7.927499999999534919e-02 -5.181777344170979821e-02
7.952499999999532165e-02 -5.189389673978552636e-02
7.977499999999529412e-02 -5.194995794021742275e-02
8.002499999999526659e-02 -5.199208798144604182e-02
8.027499999999523905e-02 -5.202480664994162812e-02
8.052499999999521152e-02 -5.205137450115008418e-02
8.077499999999518399e-02 -5.207418603612126023e-02
8.102499999999515645e-02 -5.209498395928524594e-02
8.127499999999512892e-02 -5.211502782217411478e-02
8.152499999999510139e-02 -5.213522471343316061e-02
8.177499999999507385e-02 -5.215622071189435910e-02
8.202499999999504632e-02 -5.217847130760772112e-02
8.227499999999501878e-02 -5.220228425211111134e-02
8.252499999999499125e-02 -5.222786138425342811e-02
8.277499999999496372e-02 -5.225532034783855057e-02
8.302499999999493618e-02 -5.228471600019080068e-02
8.327499999999490865e-02 -5.231605532153603411e-02
8.352499999999488112e-02 -5.234931197317292673e-02
8.377499999999485358e-02 -5.238443064299194707e-02
8.402499999999482605e-02 -5.242133386701925551e-02
8.427499999999479852e-02 -5.245992654310951964e-02
8.452499999999477098e-02 -5.250010000967116064e-02
8.477499999999474345e-02 -5.254173850300037502e-02
8.502499999999471592e-02 -5.258471841066842539e-02
8.527499999999468838e-02 -5.262890514699201244e-02
8.552499999999466085e-02 -5.267416623000824999e-02
8.577499999999463332e-02 -5.272036596312611872e-02
8.602499999999460578e-02 -5.276736667958929761e-02
8.627499999999457825e-02 -5.281503125842081786e-02
8.652499999999455071e-02 -5.286322353834343318e-02
8.677499999999452318e-02 -5.291180898301385549e-02
8.702499999999449565e-02 -5.296065624613612716e-02
8.727499999999446811e-02 -5.300963665910717049e-02
8.752499999999444058e-02 -5.305862616760488593e-02
8.777499999999441305e-02 -5.310750514452214355e-02
8.802499999999438551e-02 -5.315615901282178674e-02
8.827499999999435798e-02 -5.320447840812666390e-02
8.852499999999433045e-02 -5.325236028914009240e-02
8.877499999999430291e-02 -5.329970733405903910e-02
8.902499999999427538e-02 -5.334642825046920916e-02
8.927499999999424785e-02 -5.339243796514224483e-02
8.952499999999422031e-02 -5.343765851179760329e-02
8.977499999999419278e-02 -5.348201725597569178e-02
9.002499999999416525e-02 -5.352544908339975510e-02
9.027499999999413771e-02 -5.356789426074751170e-02
9.052499999999411018e-02 -5.360929981960683294e-02
9.077499999999408264e-02 -5.364961824291936826e-02
9.102499999999405511e-02 -5.368880865134199876e-02
9.127499999999402758e-02 -5.372683457558360964e-02
9.152499999999400004e-02 -5.376366687766773872e-02
9.177499999999397251e-02 -5.379927917710729257e-02
9.202499999999394498e-02 -5.383365080638140288e-02
9.227499999999391744e-02 -5.386676525210684630e-02
9.252499999999388991e-02 -5.389861223990654454e-02
9.277499999999386238e-02 -5.392918083787379829e-02
9.302499999999383484e-02 -5.395847157051834181e-02
9.327499999999380731e-02 -5.398648053414473874e-02
9.352499999999377978e-02 -5.401320964743814429e-02
9.377499999999375224e-02 -5.403866478919371746e-02
9.402499999999372471e-02 -5.406285156309619672e-02
9.427499999999369718e-02 -5.408578120505158626e-02
9.452499999999366964e-02 -5.410746542065963255e-02
9.477499999999364211e-02 -5.412791788220921302e-02
9.502499999999361457e-02 -5.414715165078402836e-02
9.527499999999358704e-02 -5.416518402561110862e-02
9.552499999999355951e-02 -5.418203156436715573e-02
9.577499999999353197e-02 -5.419771507385242465e-02
9.602499999999350444e-02 -5.421225180502309976e-02
9.627499999999347691e-02 -5.422566141291063069e-02
9.652499999999344937e-02 -5.423796527483795704e-02
9.677499999999342184e-02 -5.424918286323763411e-02
9.702499999999339431e-02 -5.425933519609738021e-02
9.727499999999336677e-02 -5.426844274494466852e-02
9.752499999999333924e-02 -5.427652611970404384e-02
9.777499999999331171e-02 -5.428360590704957994e-02
9.802499999999328417e-02 -5.428970248846214097e-02
9.827499999999325664e-02 -5.429483596198271533e-02
9.852499999999322911e-02 -5.429902608734565178e-02
9.877499999999320157e-02 -5.430229226397800812e-02
9.902499999999317404e-02 -5.430465323450897608e-02
9.927499999999314650e-02 -5.430612730149950856e-02
9.952499999999311897e-02 -5.430673217296194677e-02
9.977499999999309144e-02 -5.430648507435162364e-02
1.000249999999930639e-01 -5.430540248146518284e-02
1.002749999999930364e-01 -5.430350022602570964e-02
1.005249999999930088e-01 -5.430079190206837242e-02
1.007749999999929813e-01 -5.429729435685206468e-02
1.010249999999929538e-01 -5.429302085696700864e-02
1.012749999999929262e-01 -5.428798354488777872e-02
1.015249999999928987e-01 -5.428219307735593357e-02
1.017749999999928712e-01 -5.427566358407965447e-02
1.020249999999928436e-01 -5.426840266266073909e-02
1.022749999999928161e-01 -5.426042234438958195e-02
1.025249999999927886e-01 -5.425172995844397550e-02
1.027749999999927610e-01 -5.424233339514589192e-02
1.030249999999927335e-01 -5.423223853380395448e-02
1.032749999999927060e-01 -5.422145288587132406e-02
1.035249999999926784e-01 -5.420998064761809593e-02
1.037749999999926509e-01 -5.419782514194691064e-02
1.040249999999926234e-01 -5.418499062347784112e-02
1.042749999999925958e-01 -5.417147775486409744e-02
1.045249999999925683e-01 -5.415728811562151718e-02
1.047749999999925408e-01 -5.414242091134946477e-02
1.050249999999925132e-01 -5.412687639579102927e-02
1.052749999999924857e-01 -5.411065196132942151e-02
1.055249999999924582e-01 -5.409374335978405640e-02
1.057749999999924306e-01 -5.407614504247491155e-02
1.060249999999924031e-01 -5.405784925693779552e-02
1.062749999999923756e-01 -5.403885329371154594e-02
1.065249999999923480e-01 -5.401914653587701343e-02
1.067749999999923205e-01 -5.399871638729759893e-02
1.070249999999922930e-01 -5.397755336895759815e-02
1.072749999999922654e-01 -5.395564122751761449e-02
1.075249999999922379e-01 -5.393296848164742113e-02
1.077749999999922104e-01 -5.390951581986805352e-02
1.080249999999921828e-01 -5.388526297787681746e-02
1.082749999999921553e-01 -5.386019009885577996e-02
1.085249999999921278e-01 -5.383427272054008839e-02
1.087749999999921002e-01 -5.380748445353759901e-02
1.090249999999920727e-01 -5.377979645752659771e-02
1.092749999999920452e-01 -5.375117687084742663e-02
1.095249999999920176e-01 -5.372159064034191106e-02
1.097749999999919901e-01 -5.369099908981587316e-02
1.100249999999919626e-01 -5.365935985021853122e-02
1.102749999999919350e-01 -5.362662632578657496e-02
1.105249999999919075e-01 -5.359274700941853153e-02
1.107749999999918800e-01 -5.355766489171106398e-02
1.110249999999918524e-01 -5.352131878750508026e-02
1.112749999999918249e-01 -5.348363863773157589e-02
1.115249999999917974e-01 -5.344455201263376837e-02
1.117749999999917698e-01 -5.340397349954580791e-02
1.120249999999917423e-01 -5.336181247677974915e-02
1.122749999999917148e-01 -5.331796505651696660e-02
1.125249999999916872e-01 -5.327232047959287731e-02
1.127749999999916597e-01 -5.322474899137492194e-02
1.130249999999916322e-01 -5.317511176012097718e-02
1.132749999999916046e-01 -5.312324872799746578e-02
1.135249999999915771e-01 -5.306898393987669743e-02
1.137749999999915496e-01 -5.301211587542681986e-02
1.140249999999915220e-01 -5.295241961325072855e-02
1.142749999999914945e-01 -5.288963311180692323e-02
1.145249999999914670e-01 -5.282346727120919294e-02
1.147749999999914394e-01 -5.275358351503023346e-02
1.150249999999914119e-01 -5.267959354102804553e-02
1.152749999999913844e-01 -5.260104928675973096e-02
1.155249999999913568e-01 -5.251742490893154119e-02
1.157749999999913293e-01 -5.242809513335597305e-02
1.160249999999913018e-01 -5.233235082324017018e-02
1.162749999999912742e-01 -5.222933276528069629e-02
1.165249999999912467e-01 -5.211799221247791908e-02
1.167749999999912192e-01 -5.199706652798625345e-02
1.170249999999911916e-01 -5.186500808933396101e-02
1.172749999999911641e-01 -5.171989988319995041e-02
1.175249999999911366e-01 -5.155932313172684189e-02
1.177749999999911090e-01 -5.138018253419292941e-02
1.180249999999910815e-01 -5.117845695167232839e-02
1.182749999999910540e-01 -5.094876432692162227e-02
1.185249999999910264e-01 -5.068378906480873469e-02
1.187749999999909989e-01 -5.037323825239725661e-02
1.190249999999909714e-01 -5.000210999345798546e-02
1.192749999999909438e-01 -4.954755955858761163e-02
1.195249999999909163e-01 -4.897280008770831666e-02
1.197749999999908888e-01 -4.821396612844710411e-02
1.200249999999908612e-01 -4.714865727318758720e-02
1.202749999999908337e-01 -4.550590108077293833e-02
1.205249999999908062e-01 -4.253926483371998912e-02
1.207749999999907786e-01 -3.539045124099216011e-02
1.210249999999907511e-01 -1.558746078713327092e-02
1.212749999999907236e-01 -2.323402361646745989e-03
1.215249999999906960e-01 -3.806097986623071909e-03
1.217749999999906685e-01 -1.410216196538798504e-02
1.220249999999906410e-01 -2.712532635605624867e-02
1.222749999999906134e-01 -3.874814067649317434e-02
1.225249999999905859e-01 -4.757362559323083384e-02
1.227749999999905584e-01 -5.310969990623555514e-02
1.230249999999905308e-01 -5.601804696487097668e-02
1.232749999999905033e-01 -5.734149677546598184e-02
1.235249999999904758e-01 -5.780320133651405817e-02
1.237749999999904482e-01 -5.781921839121229034e-02
1.240249999999904207e-01 -5.761713818614205146e-02
1.242749999999903932e-01 -5.731896481651524433e-02
1.245249999999903656e-01 -5.698911912038353428e-02
1.247749999999903381e-01 -5.666074382135966730e-02
1.250249999999903106e-01 -5.635002219150684472e-02
1.252749999999902830e-01 -5.606398906903797136e-02
1.255249999999902555e-01 -5.580481335560660838e-02
1.257749999999902280e-01 -5.557211664169833809e-02
1.260249999999902004e-01 -5.536431362976947101e-02
1.262749999999901729e-01 -5.517926941117162754e-02
1.265249999999901453e-01 -5.501473450796751791e-02
1.267749999999901178e-01 -5.486850235201764375e-02
1.270249999999900903e-01 -5.473852021579044685e-02
1.272749999999900627e-01 -5.462294913504225913e-02
1.275249999999900352e-01 -5.452013094038503371e-02
1.277749999999900077e-01 -5.442859676201958902e-02
1.280249999999899801e-01 -5.434704811639425037e-02
1.282749999999899526e-01 -5.427434769974873868e-02
1.285249999999899251e-01 -5.420949563847438091e-02
1.287749999999898975e-01 -5.415162888230874716e-02
1.290249999999898700e-01 -5.409995815609551506e-02
1.292749999999898425e-01 -5.405381758507341733e-02
1.295249999999898149e-01 -5.401260154742940078e-02
1.297749999999897874e-01 -5.397577229210202832e-02
1.300249999999897599e-01 -5.394286013879562997e-02
1.302749999999897323e-01 -5.391342781975755338e-02
1.305249999999897048e-01 -5.388710525864252865e-02
1.307749999999896773e-01 -5.386354912727019800e-02
1.310249999999896497e-01 -5.384245296290023769e-02
1.312749999999896222e-01 -5.382354101077654884e-02
1.315249999999895947e-01 -5.380656172741542925e-02
1.317749999999895671e-01 -5.379128908582352792e-02
1.320249999999895396e-01 -5.377751773241832428e-02
1.322749999999895121e-01 -5.376505959784580457e-02
1.325249999999894845e-01 -5.375374437731243044e-02
1.327749999999894570e-01 -5.374341555457112091e-02
1.330249999999894295e-01 -5.373393034912966187e-02
1.332749999999894019e-01 -5.372515874650841267e-02
1.335249999999893744e-01 -5.371698105982500998e-02
1.337749999999893469e-01 -5.370928681545489303e-02
1.340249999999893193e-01 -5.370197527646911051e-02
1.342749999999892918e-01 -5.369495313746959486e-02
1.345249999999892643e-01 -5.368813467284323099e-02
1.347749999999892367e-01 -5.368144061145093543e-02
1.350249999999892092e-01 -5.367479761773946700e-02
1.352749999999891817e-01 -5.366813793612838779e-02
1.355249999999891541e-01 -5.366139872715765952e-02
1.357749999999891266e-01 -5.365452157543381534e-02
1.360249999999890991e-01 -5.364745227247736531e-02
1.362749999999890715e-01 -5.364014038826695613e-02
1.365249999999890440e-01 -5.363253834197555941e-02
1.367749999999890165e-01 -5.362460186090824837e-02
1.370249999999889889e-01 -5.361628909779768415e-02
1.372749999999889614e-01 -5.360756047157057974e-02
1.375249999999889339e-01 -5.359837848947510142e-02
1.377749999999889063e-01 -5.358870756407671521e-02
1.380249999999888788e-01 -5.357851355050694681e-02
1.382749999999888513e-01 -5.356776334072581303e-02
1.385249999999888237e-01 -5.355642519269464968e-02
1.387749999999887962e-01 -5.354446802106972714e-02
1.390249999999887687e-01 -5.353186136053104255e-02
1.392749999999887411e-01 -5.351857500174346527e-02
1.395249999999887136e-01 -5.350457868042000908e-02
1.397749999999886861e-01 -5.348984257342347809e-02
1.400249999999886585e-01 -5.347433561283757714e-02
1.402749999999886310e-01 -5.345802592237334366e-02
1.405249999999886035e-01 -5.344088289396609071e-02
1.407749999999885759e-01 -5.342287343555841839e-02
1.410249999999885484e-01 -5.340396247863991169e-02
1.412749999999885209e-01 -5.338411403277703443e-02
1.415249999999884933e-01 -5.336328926228376540e-02
1.417749999999884658e-01 -5.334144687791738532e-02
1.420249999999884383e-01 -5.331854746619795610e-02
1.422749999999884107e-01 -5.329454256361477321e-02
1.425249999999883832e-01 -5.326938410070419100e-02
1.427749999999883557e-01 -5.324301838996905317e-02
1.430249999999883281e-01 -5.321538714518186247e-02
1.432749999999883006e-01 -5.318642836682824226e-02
1.435249999999882731e-01 -5.315607385028427861e-02
1.437749999999882455e-01 -5.312425005671869704e-02
1.440249999999882180e-01 -5.309087496218060226e-02
1.442749999999881905e-01 -5.305585932608694599e-02
1.445249999999881629e-01 -5.301910230053560186e-02
1.447749999999881354e-01 -5.298049601834771416e-02
1.450249999999881079e-01 -5.293991794774322718e-02
1.452749999999880803e-01 -5.289723135295686801e-02
1.455249999999880528e-01 -5.285228683456200116e-02
1.457749999999880253e-01 -5.280491295897099535e-02
1.460249999999879977e-01 -5.275491863909176349e-02
1.462749999999879702e-01 -5.270208744144191937e-02
1.465249999999879427e-01 -5.264617682446297298e-02
1.467749999999879151e-01 -5.258690245283721698e-02
1.470249999999878876e-01 -5.252395106210702713e-02
1.472749999999878601e-01 -5.245695628587752207e-02
1.475249999999878325e-01 -5.238548421005775890e-02
1.477749999999878050e-01 -5.230905764469831465e-02
1.480249999999877775e-01 -5.222707444637898072e-02
1.482749999999877499e-01 -5.213886459126711864e-02
1.485249999999877224e-01 -5.204363967171578287e-02
1.487749999999876949e-01 -5.194041979586799807e-02
1.490249999999876673e-01 -5.182802369974388867e-02
1.492749999999876398e-01 -5.170503185212294711e-02
1.495249999999876123e-01 -5.156966512162311500e-02
1.497749999999875847e-01 -5.141972096170011053e-02
1.500249999999875572e-01 -5.125238710287501054e-02
1.502749999999875297e-01 -5.106402384774079428e-02
1.505249999999875021e-01 -5.084982115282985632e-02
1.507749999999874746e-01 -5.060330018330245344e-02
1.510249999999874471e-01 -5.031545172961874451e-02
1.512749999999874195e-01 -4.997336868328225434e-02
1.515249999999873920e-01 -4.955776788459161086e-02
1.517749999999873645e-01 -4.903835116152142209e-02
1.520249999999873369e-01 -4.836426280150175200e-02
1.522749999999873094e-01 -4.744242001747008691e-02
1.525249999999872819e-01 -4.608030804736185787e-02
1.527749999999872543e-01 -4.380133751262998976e-02
1.530249999999872268e-01 -3.905175765960606366e-02
1.532749999999871993e-01 -2.550566192703812921e-02
1.535249999999871717e-01 -6.601674684844908297e-03
1.537749999999871442e-01 -2.783336903916409574e-03
1.540249999999871167e-01 -9.674150129661596847e-03
1.542749999999870891e-01 -2.171687060375549275e-02
1.545249999999870616e-01 -3.384400748543271026e-02
1.547749999999870341e-01 -4.376053485516110536e-02
1.550249999999870065e-01 -5.065631114941523266e-02
1.552749999999869790e-01 -5.462071496855992053e-02
1.555249999999869515e-01 -5.659839554552878460e-02
1.557749999999869239e-01 -5.743915277760570232e-02
1.560249999999868964e-01 -5.766996144432797594e-02
1.562749999999868689e-01 -5.758820349257786492e-02
1.565249999999868413e-01 -5.735653130186432747e-02
1.567749999999868138e-01 -5.706259112832141184e-02
1.570249999999867863e-01 -5.675274569167954725e-02
1.572749999999867587e-01 -5.645074672151207534e-02
1.575249999999867312e-01 -5.616800256910858130e-02
1.577749999999867037e-01 -5.590921071378704421e-02
1.580249999999866761e-01 -5.567546575388539198e-02
1.582749999999866486e-01 -5.546603196749676223e-02
1.585249999999866211e-01 -5.527929346726398463e-02
1.587749999999865935e-01 -5.511324045213621819e-02
1.590249999999865660e-01 -5.496581498917817860e-02
1.592749999999865385e-01 -5.483501943512312377e-02
1.595249999999865109e-01 -5.471904853682390407e-02
1.597749999999864834e-01 -5.461621759002238674e-02
1.600249999999864559e-01 -5.452507282614100365e-02
1.602749999999864283e-01 -5.444426386936762619e-02
1.605249999999864008e-01 -5.437263771914929711e-02
1.607749999999863733e-01 -5.430916174142849662e-02
1.610249999999863457e-01 -5.425294434710796476e-02
1.612749999999863182e-01 -5.420317971485894698e-02
1.615249999999862907e-01 -5.415916205708209280e-02
1.617749999999862631e-01 -5.412026786900471509e-02
1.620249999999862356e-01 -5.408593932605867266e-02
1.622749999999862081e-01 -5.405568808394893565e-02
1.625249999999861805e-01 -5.402906495710289858e-02
1.627749999999861530e-01 -5.400567397174792228e-02
1.630249999999861255e-01 -5.398516334519805338e-02
1.632749999999860979e-01 -5.396720962082150741e-02
1.635249999999860704e-01 -5.395152833446266449e-02
1.637749999999860429e-01 -5.393785752908114572e-02
1.640249999999860153e-01 -5.392596279703673612e-02
1.642749999999859878e-01 -5.391562884510395920e-02
1.645249999999859603e-01 -5.390666134162182266e-02
1.647749999999859327e-01 -5.389888236811889860e-02
1.650249999999859052e-01 -5.389213090318215049e-02
1.652749999999858777e-01 -5.388625645758912674e-02
1.655249999999858501e-01 -5.388112530045875703e-02
1.657749999999858226e-01 -5.387661448540250614e-02
1.660249999999857951e-01 -5.387261094211807932e-02
1.662749999999857675e-01 -5.386901119179682978e-02
1.665249999999857400e-01 -5.386572023365791828e-02
1.667749999999857125e-01 -5.386265097217509540e-02
1.670249999999856849e-01 -5.385972365252978539e-02
1.672749999999856574e-01 -5.385686483368062882e-02
1.675249999999856299e-01 -5.385400716801173188e-02
1.677749999999856023e-01 -5.385108886365618658e-02
1.680249999999855748e-01 -5.384805307408825625e-02
1.682749999999855472e-01 -5.384484746240065373e-02
1.685249999999855197e-01 -5.384142406686297233e-02
1.687749999999854922e-01 -5.383773844143885379e-02
1.690249999999854646e-01 -5.383374981547790067e-02
1.692749999999854371e-01 -5.382942030989580628e-02
1.695249999999854096e-01 -5.382471508246421121e-02
1.697749999999853820e-01 -5.381960161055674569e-02
1.700249999999853545e-01 -5.381404962454584828e-02
