2.500000000000000120e-05 -5.343763734290091216e-02
2.750000000000000708e-04 -5.340593766706333567e-02
5.250000000000000760e-04 -5.337288481466495593e-02
7.749999999999996475e-04 -5.333837566733233559e-02
1.024999999999999436e-03 -5.330228166513566873e-02
1.275000000000000092e-03 -5.326446066885896780e-02
1.525000000000000747e-03 -5.322474763128851039e-02
1.775000000000001403e-03 -5.318294576768332199e-02
2.025000000000001625e-03 -5.313883224222790136e-02
2.275000000000000112e-03 -5.309214124574064553e-02
2.524999999999998600e-03 -5.304255686464723341e-02
2.774999999999997087e-03 -5.298970639864748061e-02
3.024999999999995574e-03 -5.293314008923719755e-02
3.274999999999994062e-03 -5.287230833042712297e-02
3.524999999999992549e-03 -5.280654024640998867e-02
3.774999999999991036e-03 -5.273499639524515531e-02
4.024999999999989524e-03 -5.265664166482833530e-02
4.274999999999988011e-03 -5.257015874191083016e-02
4.524999999999986498e-03 -5.247379697984651953e-02
4.774999999999984986e-03 -5.236526881761702917e-02
5.024999999999983473e-03 -5.224147430307863466e-02
5.274999999999981960e-03 -5.209816644646033529e-02
5.524999999999980448e-03 -5.192918554758088612e-02
5.774999999999978935e-03 -5.172538786308791825e-02
6.024999999999977422e-03 -5.147252417816206710e-02
6.274999999999975910e-03 -5.114697764504022581e-02
6.524999999999974397e-03 -5.070638772567045982e-02
6.774999999999972884e-03 -5.006574947009446996e-02
7.024999999999971372e-03 -4.902388198220963833e-02
7.274999999999969859e-03 -4.695066143802984621e-02
7.524999999999968346e-03 -4.026915901612494048e-02
7.774999999999966833e-03 7.534261547519285548e-03
8.024999999999973127e-03 1.329395545923445394e-02
8.274999999999980288e-03 -3.171289097030331565e-03
8.524999999999987449e-03 -2.120099282914500449e-02
8.774999999999994610e-03 -3.648546128362550184e-02
9.025000000000001771e-03 -4.951274884528546194e-02
9.275000000000008932e-03 -5.635443724767000978e-02
9.525000000000016093e-03 -5.798460841279374361e-02
9.775000000000023254e-03 -5.766650267283161130e-02
1.002500000000003041e-02 -5.683964210367437042e-02
1.027500000000003758e-02 -5.600068164924502934e-02
1.052500000000004474e-02 -5.529132199555084753e-02
1.077500000000005190e-02 -5.472944242399275377e-02
1.102500000000005906e-02 -5.429570696012446518e-02
1.127500000000006622e-02 -5.396412317574225681e-02
1.152500000000007338e-02 -5.371149873186117224e-02
1.177500000000008054e-02 -5.351943755547904080e-02
1.202500000000008770e-02 -5.337400118348641087e-02
1.227500000000009486e-02 -5.326474206401726752e-02
1.252500000000010202e-02 -5.318388477760007532e-02
1.277500000000010918e-02 -5.312559653013065875e-02
1.302500000000011635e-02 -5.308542074325157956e-02
1.327500000000012351e-02 -5.305996580880168595e-02
1.352500000000013067e-02 -5.304659062979083517e-02
1.377500000000013783e-02 -5.304322650879689238e-02
1.402500000000014499e-02 -5.304815248168882891e-02
1.427500000000015215e-02 -5.306002753919310255e-02
1.452500000000015931e-02 -5.307770739643880714e-02
1.477500000000016647e-02 -5.310023591523781866e-02
1.502500000000017363e-02 -5.312679804221188268e-02
1.527500000000018079e-02 -5.315667611993124542e-02
1.552500000000018796e-02 -5.318924126497982102e-02
1.577500000000019512e-02 -5.322394107861040669e-02
1.602500000000020228e-02 -5.326027537749894458e-02
1.627500000000020944e-02 -5.329780132494273820e-02
1.652500000000021660e-02 -5.333612042164836281e-02
1.677500000000022376e-02 -5.337487249009073564e-02
1.702500000000023092e-02 -5.341373589135115646e-02
1.727500000000023808e-02 -5.345242390390166076e-02
1.752500000000024524e-02 -5.349068271884850623e-02
1.777500000000025240e-02 -5.352828978577325175e-02
1.802500000000025956e-02 -5.356505244826603729e-02
1.827500000000026673e-02 -5.360080354440033279e-02
1.852500000000027389e-02 -5.363540359493438464e-02
1.877500000000028105e-02 -5.366873704346514229e-02
1.902500000000028821e-02 -5.370070872124029643e-02
1.927500000000029537e-02 -5.373124430088818682e-02
1.952500000000030253e-02 -5.376028678082270945e-02
1.977500000000030969e-02 -5.378779669359935733e-02
2.002500000000031685e-02 -5.381374956987083208e-02
2.027500000000032401e-02 -5.383813190093324902e-02
2.052500000000033117e-02 -5.386094306235267304e-02
2.077500000000033833e-02 -5.388219002011632175e-02
2.102500000000034550e-02 -5.390188800383969442e-02
2.127500000000035266e-02 -5.392005917462126124e-02
2.152500000000035982e-02 -5.393673028729085300e-02
2.177500000000036698e-02 -5.395193522694587823e-02
2.202500000000037414e-02 -5.396570728450386656e-02
2.227500000000038130e-02 -5.397808466209905176e-02
2.252500000000038846e-02 -5.398910647167638049e-02
2.277500000000039562e-02 -5.399881275554280907e-02
2.302500000000040278e-02 -5.400724453037533679e-02
2.327500000000040994e-02 -5.401444246141827443e-02
2.352500000000041711e-02 -5.402044776376416918e-02
2.377500000000042427e-02 -5.402530086169197998e-02
2.402500000000043143e-02 -5.402904068317478797e-02
2.427500000000043859e-02 -5.403170527409944385e-02
2.452500000000044575e-02 -5.403333044869230301e-02
2.477500000000045291e-02 -5.403395188569082991e-02
2.502500000000046007e-02 -5.403360435910829762e-02
2.527500000000046723e-02 -5.403231935186922352e-02
2.552500000000047439e-02 -5.403012800092733131e-02
2.577500000000048155e-02 -5.402705842414709525e-02
2.602500000000048871e-02 -5.402313908098870660e-02
2.627500000000049588e-02 -5.401839450617044319e-02
2.652500000000050304e-02 -5.401284938362635457e-02
2.677500000000051020e-02 -5.400652540362355786e-02
2.702500000000051736e-02 -5.399944361579519375e-02
2.727500000000052452e-02 -5.399162297087478635e-02
2.752500000000053168e-02 -5.398308064719548049e-02
2.777500000000053884e-02 -5.397383216887539914e-02
2.802500000000054600e-02 -5.396389197844487368e-02
2.827500000000055316e-02 -5.395327195093434919e-02
2.852500000000056032e-02 -5.394198294596234955e-02
2.877500000000056748e-02 -5.393003367557226702e-02
2.902500000000057465e-02 -5.391743147769883365e-02
2.927500000000058181e-02 -5.390418200401437404e-02
2.952500000000058897e-02 -5.389028920244307019e-02
2.977500000000059613e-02 -5.387575528278902570e-02
3.002500000000060329e-02 -5.386058067398416527e-02
3.027500000000061045e-02 -5.384476388442116512e-02
3.052500000000061761e-02 -5.382830096123229768e-02
3.077500000000062477e-02 -5.381118805382222731e-02
3.102500000000063193e-02 -5.379341702039992790e-02
3.127500000000063562e-02 -5.377497824653058173e-02
3.152500000000060809e-02 -5.375585982074237990e-02
3.177500000000058056e-02 -5.373604725182521552e-02
3.202500000000055302e-02 -5.371552343630339732e-02
3.227500000000052549e-02 -5.369426825504533540e-02
3.252500000000049796e-02 -5.367225850300495760e-02
3.277500000000047042e-02 -5.364946742136605246e-02
3.302500000000044289e-02 -5.362586443355867039e-02
3.327500000000041536e-02 -5.360141466545038924e-02
3.352500000000038782e-02 -5.357607853957778443e-02
3.377500000000036029e-02 -5.354981113587094915e-02
3.402500000000033276e-02 -5.352256148325648666e-02
3.427500000000030522e-02 -5.349427184683554909e-02
3.452500000000027769e-02 -5.346487669399602877e-02
3.477500000000025016e-02 -5.343430061600087932e-02
3.502500000000022262e-02 -5.340245976056263305e-02
3.527500000000019509e-02 -5.336925671079371936e-02
3.552500000000016755e-02 -5.333458104328653998e-02
3.577500000000014002e-02 -5.329830779383605555e-02
3.602500000000011249e-02 -5.326029157502049777e-02
3.627500000000008495e-02 -5.322036271454340384e-02
3.652500000000005742e-02 -5.317832482196430816e-02
3.677500000000002989e-02 -5.313394701790223607e-02
3.702500000000000235e-02 -5.308695969693702499e-02
3.727499999999997482e-02 -5.303704445508716780e-02
3.752499999999994729e-02 -5.298381866546331143e-02
3.777499999999991975e-02 -5.292681572588229383e-02
3.802499999999989222e-02 -5.286548867779305994e-02
3.827499999999986469e-02 -5.279914074840331983e-02
3.852499999999983715e-02 -5.272691329047891895e-02
3.877499999999980962e-02 -5.264774866327627534e-02
3.902499999999978209e-02 -5.256028896040904758e-02
3.927499999999975455e-02 -5.246272777334978765e-02
3.952499999999972702e-02 -5.235272001801868219e-02
3.977499999999969948e-02 -5.222707377747729668e-02
4.002499999999967195e-02 -5.208134587208714666e-02
4.027499999999964442e-02 -5.190912928982682056e-02
4.052499999999961688e-02 -5.170085358088118838e-02
4.077499999999958935e-02 -5.144152431589894825e-02
4.102499999999956182e-02 -5.110611272106756892e-02
4.127499999999953428e-02 -5.064920889327793191e-02
4.152499999999950675e-02 -4.997843519284738550e-02
4.177499999999947922e-02 -4.887000434762505535e-02
4.202499999999945168e-02 -4.659269803329225274e-02
4.227499999999942415e-02 -3.852391052466776905e-02
4.252499999999939662e-02 1.105772756060951351e-02
4.277499999999936908e-02 1.199533808856789383e-02
4.302499999999934155e-02 -5.204139392738182240e-03
4.327499999999931402e-02 -2.296862365178069937e-02
4.352499999999928648e-02 -3.802169209669484240e-02
4.377499999999925895e-02 -5.060847169810581136e-02
4.402499999999923141e-02 -5.670625148402835825e-02
4.427499999999920388e-02 -5.800578740576917136e-02
4.452499999999917635e-02 -5.758820111910993578e-02
4.477499999999914881e-02 -5.674562783156920226e-02
4.502499999999912128e-02 -5.591720598163772704e-02
4.527499999999909375e-02 -5.522396145460988642e-02
4.552499999999906621e-02 -5.467706667492942124e-02
4.577499999999903868e-02 -5.425555521748891274e-02
4.602499999999901115e-02 -5.393349967184658117e-02
4.627499999999898361e-02 -5.368819785861634469e-02
4.652499999999895608e-02 -5.350176237744142665e-02
4.677499999999892855e-02 -5.336065686312061601e-02
4.702499999999890101e-02 -5.325480455950400843e-02
4.727499999999887348e-02 -5.317663160883808610e-02
4.752499999999884595e-02 -5.312048131766759079e-02
4.777499999999881841e-02 -5.308203077599814301e-02
4.802499999999879088e-02 -5.305798989978058322e-02
4.827499999999876334e-02 -5.304579004329115777e-02
4.852499999999873581e-02 -5.304337232110717393e-02
4.877499999999870828e-02 -5.304910907306775031e-02
4.902499999999868074e-02 -5.306166121490397264e-02
4.927499999999865321e-02 -5.307991757892632084e-02
4.952499999999862568e-02 -5.310292869631823287e-02
4.977499999999859814e-02 -5.312988275665853771e-02
5.002499999999857061e-02 -5.316007328654139691e-02
5.027499999999854308e-02 -5.319288913043481587e-02
5.052499999999851554e-02 -5.322778281888524560e-02
5.077499999999848801e-02 -5.326426304754354468e-02
5.102499999999846048e-02 -5.330189011818577127e-02
5.127499999999843294e-02 -5.334027023191127009e-02
5.152499999999840541e-02 -5.337904687083348115e-02
5.177499999999837788e-02 -5.341790265245874303e-02
5.202499999999835034e-02 -5.345655466218001556e-02
5.227499999999832281e-02 -5.349475204200507955e-02
5.252499999999829527e-02 -5.353227609581675400e-02
5.277499999999826774e-02 -5.356893670043325756e-02
5.302499999999824021e-02 -5.360457054860739284e-02
5.327499999999821267e-02 -5.363904005730013580e-02
5.352499999999818514e-02 -5.367223114262726497e-02
5.377499999999815761e-02 -5.370405155298269700e-02
5.402499999999813007e-02 -5.373442901966927338e-02
5.427499999999810254e-02 -5.376330935891056317e-02
5.452499999999807501e-02 -5.379065425546401130e-02
5.477499999999804747e-02 -5.381644009373157816e-02
5.502499999999801994e-02 -5.384065377364373461e-02
5.527499999999799241e-02 -5.386329653457050393e-02
5.552499999999796487e-02 -5.388437662045131998e-02
5.577499999999793734e-02 -5.390390992190807057e-02
5.602499999999790981e-02 -5.392191927919905842e-02
5.627499999999788227e-02 -5.393843255994097002e-02
5.652499999999785474e-02 -5.395348135217566815e-02
5.677499999999782720e-02 -5.396710190641677146e-02
5.702499999999779967e-02 -5.397933184887242219e-02
5.727499999999777214e-02 -5.399021002829702820e-02
5.752499999999774460e-02 -5.399977731927534108e-02
5.777499999999771707e-02 -5.400807485701640542e-02
5.802499999999768954e-02 -5.401514315949875605e-02
5.827499999999766200e-02 -5.402102265433967460e-02
5.852499999999763447e-02 -5.402575472151145697e-02
5.877499999999760694e-02 -5.402937705620638326e-02
5.902499999999757940e-02 -5.403192809260123214e-02
5.927499999999755187e-02 -5.403344423230606319e-02
5.952499999999752434e-02 -5.403396015447058803e-02
5.977499999999749680e-02 -5.403351027456705646e-02
6.002499999999746927e-02 -5.390898856490838192e-02
6.027499999999744174e-02 -4.300318156650909801e-02
6.052499999999741420e-02 1.446049959250510913e-02
6.077499999999738667e-02 2.309444237206097553e-02
6.102499999999735913e-02 2.666569108668336192e-03
6.127499999999733160e-02 -1.690868174264461773e-02
6.152499999999730407e-02 -2.985132685233627889e-02
6.177499999999727653e-02 -3.772623111090096099e-02
6.202499999999724900e-02 -4.136716052826912987e-02
6.227499999999722147e-02 -4.157424038544268313e-02
6.252499999999719393e-02 -3.954821545124773130e-02
6.277499999999716640e-02 -3.586097690618157002e-02
6.302499999999713887e-02 -3.088965237359452692e-02
6.327499999999711133e-02 -2.719586701904770643e-02
6.352499999999708380e-02 -2.748881477681720462e-02
6.377499999999705627e-02 -3.041368327732197133e-02
6.402499999999702873e-02 -3.382153076573121003e-02
6.427499999999700120e-02 -3.660263560291007051e-02
6.452499999999697367e-02 -3.841168532802666236e-02
6.477499999999694613e-02 -3.926791158048664049e-02
6.502499999999691860e-02 -3.932280136120518133e-02
6.527499999999689106e-02 -3.872701560183264974e-02
6.552499999999686353e-02 -3.758093801828701896e-02
6.577499999999683600e-02 -3.597604592146511071e-02
6.602499999999680846e-02 -3.414946269455965827e-02
6.627499999999678093e-02 -3.266973709888053995e-02
6.652499999999675340e-02 -3.224856828707528544e-02
6.677499999999672586e-02 -3.313237982060583675e-02
6.702499999999669833e-02 -3.496213241002833066e-02
6.727499999999667080e-02 -3.718861492503634791e-02
6.752499999999664326e-02 -3.937497633865422869e-02
6.777499999999661573e-02 -4.125038212878012062e-02
6.802499999999658820e-02 -4.268240011765041947e-02
6.827499999999656066e-02 -4.364670620627117414e-02
6.852499999999653313e-02 -4.418800040372045101e-02
6.877499999999650560e-02 -4.437456529100622382e-02
6.902499999999647806e-02 -4.426178723232460088e-02
6.927499999999645053e-02 -4.386881076129856005e-02
6.952499999999642299e-02 -4.315675730230404683e-02
6.977499999999639546e-02 -4.198448144500692425e-02
7.002499999999636793e-02 -3.998607649649320306e-02
7.027499999999634039e-02 -3.623761099524523688e-02
7.052499999999631286e-02 -2.915957097798596576e-02
7.077499999999628533e-02 -2.229684973547383861e-02
7.102499999999625779e-02 -2.287136223501217910e-02
7.127499999999623026e-02 -2.810336235084969631e-02
7.152499999999620273e-02 -3.450416474684572798e-02
7.177499999999617519e-02 -4.056140916214363151e-02
7.202499999999614766e-02 -4.551566740061081806e-02
7.227499999999612013e-02 -4.884061084637743994e-02
7.252499999999609259e-02 -5.065737276472699613e-02
7.277499999999606506e-02 -5.148286093333630936e-02
7.302499999999603753e-02 -5.176799309661000992e-02
7.327499999999600999e-02 -5.179080083671371709e-02
7.352499999999598246e-02 -5.170102574547333352e-02
7.377499999999595492e-02 -5.157379127821035830e-02
7.402499999999592739e-02 -5.144466974856883729e-02
7.427499999999589986e-02 -5.132928430676517162e-02
7.452499999999587232e-02 -5.123357524273536995e-02
7.477499999999584479e-02 -5.115900578351002120e-02
7.502499999999581726e-02 -5.110507063115986987e-02
7.527499999999578972e-02 -5.107055051671065271e-02
7.552499999999576219e-02 -5.105408568464200186e-02
7.577499999999573466e-02 -5.105434363403432707e-02
7.602499999999570712e-02 -5.107015712209004438e-02
7.627499999999567959e-02 -5.110054215018119961e-02
7.652499999999565206e-02 -5.114459165395563583e-02
7.677499999999562452e-02 -5.120149434433399899e-02
7.702499999999559699e-02 -5.127047173165748956e-02
7.727499999999556946e-02 -5.135070609093438793e-02
7.752499999999554192e-02 -5.144132714572140913e-02
7.777499999999551439e-02 -5.154135332934530606e-02
7.802499999999548685e-02 -5.164967934383957182e-02
7.827499999999545932e-02 -5.176512408538339050e-02
7.852499999999543179e-02 -5.188639164638496337e-02
7.877499999999540425e-02 -5.201209873258110655e-02
7.902499999999537672e-02 -5.214083412980503873e-02
7.927499999999534919e-02 -5.227119246203398156e-02
7.952499999999532165e-02 -5.240181289897600375e-02
7.977499999999529412e-02 -5.253142793461065135e-02
8.002499999999526659e-02 -5.265889816384015931e-02
8.027499999999523905e-02 -5.278323631989658565e-02
8.052499999999521152e-02 -5.290362232753862554e-02
8.077499999999518399e-02 -5.301940137791714275e-02
8.102499999999515645e-02 -5.313010639380553318e-02
8.127499999999512892e-02 -5.323540922005932929e-02
8.152499999999510139e-02 -5.333512088588549666e-02
8.177499999999507385e-02 -5.342917392280040201e-02
8.202499999999504632e-02 -5.351759777472425705e-02
8.227499999999501878e-02 -5.360048333904190304e-02
8.252499999999499125e-02 -5.367800200466005256e-02
8.277499999999496372e-02 -5.375037501890645580e-02
8.302499999999493618e-02 -5.381781154465554995e-02
8.327499999999490865e-02 -5.388055992264075000e-02
8.352499999999488112e-02 -5.393887525932968691e-02
8.377499999999485358e-02 -5.399300751256869840e-02
8.402499999999482605e-02 -5.404320815389047211e-02
8.427499999999479852e-02 -5.408971048896180772e-02
8.452499999999477098e-02 -5.413274934299537600e-02
8.477499999999474345e-02 -5.417253543862048798e-02
8.502499999999471592e-02 -5.420926781534694816e-02
8.527499999999468838e-02 -5.424313989563499250e-02
8.552499999999466085e-02 -5.427432740256848270e-02
8.577499999999463332e-02 -5.430299374081274527e-02
8.602499999999460578e-02 -5.432928901780199188e-02
8.627499999999457825e-02 -5.435335884651631283e-02
8.652499999999455071e-02 -5.437533230025911463e-02
8.677499999999452318e-02 -5.439533216711849029e-02
8.702499999999449565e-02 -5.441346990343576967e-02
8.727499999999446811e-02 -5.442985315220365272e-02
8.752499999999444058e-02 -5.444457711465314903e-02
8.777499999999441305e-02 -5.445773471352864659e-02
8.802499999999438551e-02 -5.446940931954426246e-02
8.827499999999435798e-02 -5.447968066948617738e-02
8.852499999999433045e-02 -5.448862239528755314e-02
8.877499999999430291e-02 -5.449630357422105553e-02
8.902499999999427538e-02 -5.450278963000115828e-02
8.927499999999424785e-02 -5.450813974048537153e-02
8.952499999999422031e-02 -5.451241028197277572e-02
8.977499999999419278e-02 -5.451565554495031718e-02
9.002499999999416525e-02 -5.451792388023372904e-02
9.027499999999413771e-02 -5.451926262040547588e-02
9.052499999999411018e-02 -5.451971623719428089e-02
9.077499999999408264e-02 -5.451932506343099699e-02
9.102499999999405511e-02 -5.451812765525479443e-02
9.127499999999402758e-02 -5.451616004701231866e-02
9.152499999999400004e-02 -5.451345644797694900e-02
9.177499999999397251e-02 -5.451004902945774666e-02
9.202499999999394498e-02 -5.450596772953635732e-02
9.227499999999391744e-02 -5.450124060858840824e-02
9.252499999999388991e-02 -5.449589396564227806e-02
9.277499999999386238e-02 -5.448995242908281217e-02
9.302499999999383484e-02 -5.448343910749621488e-02
9.327499999999380731e-02 -5.447637572299270786e-02
9.352499999999377978e-02 -5.446878228975442909e-02
9.377499999999375224e-02 -5.446067763505729742e-02
9.402499999999372471e-02 -5.445207931034454912e-02
9.427499999999369718e-02 -5.444300362476167665e-02
9.452499999999366964e-02 -5.443346566553549509e-02
9.477499999999364211e-02 -5.442347949734473861e-02
9.502499999999361457e-02 -5.441305762536405299e-02
9.527499999999358704e-02 -5.440221289538565291e-02
9.552499999999355951e-02 -5.439095579895608656e-02
9.577499999999353197e-02 -5.437929584633963143e-02
9.602499999999350444e-02 -5.436724295690190112e-02
9.627499999999347691e-02 -5.435480475874393536e-02
9.652499999999344937e-02 -5.434198856005136025e-02
9.677499999999342184e-02 -5.432880074507227819e-02
9.702499999999339431e-02 -5.431524654076869824e-02
9.727499999999336677e-02 -5.430133163268897195e-02
9.752499999999333924e-02 -5.428705891264577754e-02
9.777499999999331171e-02 -5.427243185492605648e-02
9.802499999999328417e-02 -5.425745423070148232e-02
9.827499999999325664e-02 -5.424212562975577051e-02
9.852499999999322911e-02 -5.422644895356232980e-02
9.877499999999320157e-02 -5.421042312607723956e-02
9.902499999999317404e-02 -5.419404738256299037e-02
9.927499999999314650e-02 -5.417732009964757595e-02
9.952499999999311897e-02 -5.416023898110512019e-02
9.977499999999309144e-02 -5.414280084467707616e-02
1.000249999999930639e-01 -5.412500123261933943e-02
1.002749999999930364e-01 -5.410683621179426112e-02
1.005249999999930088e-01 -5.408829930286662702e-02
1.007749999999929813e-01 -5.406938359146509776e-02
1.010249999999929538e-01 -5.405008118086050695e-02
1.012749999999929262e-01 -5.403038311192338156e-02
1.015249999999928987e-01 -5.401027925000104202e-02
1.017749999999928712e-01 -5.398975819677832855e-02
1.020249999999928436e-01 -5.396880678848577084e-02
1.022749999999928161e-01 -5.394741219716072539e-02
1.025249999999927886e-01 -5.392555832740216631e-02
1.027749999999927610e-01 -5.390322779520516361e-02
1.030249999999927335e-01 -5.388040107958587399e-02
1.032749999999927060e-01 -5.385705704942190392e-02
1.035249999999926784e-01 -5.383317423259240120e-02
1.037749999999926509e-01 -5.380872633729917587e-02
1.040249999999926234e-01 -5.378368525997658661e-02
1.042749999999925958e-01 -5.375802063226061550e-02
1.045249999999925683e-01 -5.373169524586034890e-02
1.047749999999925408e-01 -5.370467519736804585e-02
1.050249999999925132e-01 -5.367691655369288134e-02
1.052749999999924857e-01 -5.364837187648018729e-02
1.055249999999924582e-01 -5.361899213322111196e-02
1.057749999999924306e-01 -5.358871771926870115e-02
1.060249999999924031e-01 -5.355748398085324880e-02
1.062749999999923756e-01 -5.352521837881761557e-02
1.065249999999923480e-01 -5.349183944294296639e-02
1.067749999999923205e-01 -5.345725427238857963e-02
1.070249999999922930e-01 -5.342135903150928289e-02
1.072749999999922654e-01 -5.338403253759027578e-02
1.075249999999922379e-01 -5.334514726016283820e-02
1.077749999999922104e-01 -5.330454263255677422e-02
1.080249999999921828e-01 -5.326203898086766253e-02
1.082749999999921553e-01 -5.321743193913318348e-02
1.085249999999921278e-01 -5.317047597520876967e-02
1.087749999999921002e-01 -5.312088573176967921e-02
1.090249999999920727e-01 -5.306832412621748096e-02
1.092749999999920452e-01 -5.301238573713202423e-02
1.095249999999920176e-01 -5.295258802998684816e-02
1.097749999999919901e-01 -5.288833325636408539e-02
1.100249999999919626e-01 -5.281890022954802144e-02
1.102749999999919350e-01 -5.274337067905188886e-02
1.105249999999919075e-01 -5.266060240239262003e-02
1.107749999999918800e-01 -5.256913941461943685e-02
1.110249999999918524e-01 -5.246704843923079287e-02
1.112749999999918249e-01 -5.235177550779430283e-02
1.115249999999917974e-01 -5.221985750447777352e-02
1.117749999999917698e-01 -5.206638023136635207e-02
1.120249999999917423e-01 -5.188430191338416764e-02
1.122749999999917148e-01 -5.166285089733931024e-02
1.125249999999916872e-01 -5.138497234690745513e-02
1.127749999999916597e-01 -5.102156384028194019e-02
1.130249999999916322e-01 -5.051847245489627519e-02
1.132749999999916046e-01 -4.976106037327220066e-02
1.135249999999915771e-01 -4.845342222696841228e-02
1.137749999999915496e-01 -4.550290072063971347e-02
1.140249999999915220e-01 -3.125260762250730434e-02
1.142749999999914945e-01 1.551088141669753825e-02
1.145249999999914670e-01 8.116535952023338010e-03
1.147749999999914394e-01 -1.020806849971919728e-02
1.150249999999914119e-01 -2.722424005826255822e-02
1.152749999999913844e-01 -4.179154649491451101e-02
1.155249999999913568e-01 -5.298124839970385497e-02
1.157749999999913293e-01 -5.738338577996764805e-02
1.160249999999913018e-01 -5.799847977317088010e-02
1.162749999999912742e-01 -5.738248171181563329e-02
1.165249999999912467e-01 -5.651474215650057614e-02
1.167749999999912192e-01 -5.571431110955875343e-02
1.170249999999911916e-01 -5.505919311107014547e-02
1.172749999999911641e-01 -5.454684488900021083e-02
1.175249999999911366e-01 -5.415317508746280567e-02
1.177749999999911090e-01 -5.385258149828116292e-02
1.180249999999910815e-01 -5.362355570058380261e-02
1.182749999999910540e-01 -5.344942251430340879e-02
1.185249999999910264e-01 -5.331766734451569290e-02
1.187749999999909989e-01 -5.321893665512455324e-02
1.190249999999909714e-01 -5.314621954629024370e-02
1.192749999999909438e-01 -5.309427712931730214e-02
1.195249999999909163e-01 -5.305911039050157513e-02
1.197749999999908888e-01 -5.303763620105688553e-02
1.200249999999908612e-01 -5.302743670417314759e-02
1.202749999999908337e-01 -5.302660255495399849e-02
1.205249999999908062e-01 -5.303358137008157974e-02
1.207749999999907786e-01 -5.304710778237053254e-02
1.210249999999907511e-01 -5.306612616860292148e-02
1.212749999999907236e-01 -5.308973504190630383e-02
1.215249999999906960e-01 -5.311715286435693406e-02
1.217749999999906685e-01 -5.314770273182157362e-02
1.220249999999906410e-01 -5.318079244765946262e-02
1.222749999999906134e-01 -5.321589213844196004e-02
1.225249999999905859e-01 -5.325252220799853858e-02
1.227749999999905584e-01 -5.329025529954745793e-02
1.230249999999905308e-01 -5.332870563363406591e-02
1.232749999999905033e-01 -5.336752554331319204e-02
1.235249999999904758e-01 -5.340640246713127676e-02
1.237749999999904482e-01 -5.344505770085238722e-02
1.240249999999904207e-01 -5.348324505998601486e-02
1.242749999999903932e-01 -5.352074761208342607e-02
1.245249999999903656e-01 -5.355737649666401229e-02
1.247749999999903381e-01 -5.359297345930429807e-02
1.250249999999903106e-01 -5.362740074764142661e-02
1.252749999999902830e-01 -5.366054560655559441e-02
1.255249999999902555e-01 -5.369231696160636780e-02
1.257749999999902280e-01 -5.372264244233376784e-02
1.260249999999902004e-01 -5.375146877479591162e-02
1.262749999999901729e-01 -5.377875804196435156e-02
1.265249999999901453e-01 -5.380448608355289236e-02
1.267749999999901178e-01 -5.382863979049925390e-02
1.270249999999900903e-01 -5.385122156138811428e-02
1.272749999999900627e-01 -5.387223918555824470e-02
1.275249999999900352e-01 -5.389170998349403913e-02
1.277749999999900077e-01 -5.390965570997729994e-02
1.280249999999899801e-01 -5.392610343277145363e-02
1.282749999999899526e-01 -5.394108651756008427e-02
1.285249999999899251e-01 -5.395463983291492321e-02
1.287749999999898975e-01 -5.396680116860904514e-02
1.290249999999898700e-01 -5.397760918519599327e-02
1.292749999999898425e-01 -5.398710523365263941e-02
1.295249999999898149e-01 -5.399532973509948292e-02
1.297749999999897874e-01 -5.400232387777584991e-02
1.300249999999897599e-01 -5.400812770380591932e-02
1.302749999999897323e-01 -5.401278182256995936e-02
1.305249999999897048e-01 -5.401632457544803395e-02
1.307749999999896773e-01 -5.401879348369111739e-02
1.310249999999896497e-01 -5.402022556268438330e-02
1.312749999999896222e-01 -5.402065528929043958e-02
1.315249999999895947e-01 -5.402011646799736305e-02
1.317749999999895671e-01 -5.401864125887947954e-02
1.320249999999895396e-01 -5.401625915485386981e-02
1.322749999999895121e-01 -5.401299950367564884e-02
1.325249999999894845e-01 -5.400888879631639272e-02
1.327749999999894570e-01 -5.400395191053719568e-02
1.330249999999894295e-01 -5.399821326886762585e-02
1.332749999999894019e-01 -5.399169425584262466e-02
1.335249999999893744e-01 -5.398441489279357658e-02
1.337749999999893469e-01 -5.397639374228718062e-02
1.340249999999893193e-01 -5.396764715039187310e-02
1.342749999999892918e-01 -5.395819138303424578e-02
1.345249999999892643e-01 -5.394803905942596040e-02
1.347749999999892367e-01 -5.393720197579798814e-02
1.350249999999892092e-01 -5.392569009120860846e-02
1.352749999999891817e-01 -5.391351159743790894e-02
1.355249999999891541e-01 -5.390067312023226476e-02
1.357749999999891266e-01 -5.388717956069593445e-02
1.360249999999890991e-01 -5.387303406456073890e-02
1.362749999999890715e-01 -5.385823798120505101e-02
1.365249999999890440e-01 -5.384279080432103487e-02
1.367749999999890165e-01 -5.382669006602201767e-02
1.370249999999889889e-01 -5.380993123812371354e-02
1.372749999999889614e-01 -5.379250817590301714e-02
1.375249999999889339e-01 -5.377441135633288793e-02
1.377749999999889063e-01 -5.375563116847557887e-02
1.380249999999888788e-01 -5.373615345514068387e-02
1.382749999999888513e-01 -5.371596191667381281e-02
1.385249999999888237e-01 -5.369503765019690428e-02
1.387749999999887962e-01 -5.367335833264022527e-02
1.390249999999887687e-01 -5.365089848858262817e-02
1.392749999999887411e-01 -5.362762865578352828e-02
1.395249999999887136e-01 -5.360351527498225660e-02
1.397749999999886861e-01 -5.357852019776376817e-02
1.400249999999886585e-01 -5.355260002251906182e-02
1.402749999999886310e-01 -5.352570545903226340e-02
1.405249999999886035e-01 -5.349778065313765679e-02
1.407749999999885759e-01 -5.346876220954550202e-02
1.410249999999885484e-01 -5.343857743020001549e-02
1.412749999999885209e-01 -5.340714403071640526e-02
1.415249999999884933e-01 -5.337436926432508055e-02
1.417749999999884658e-01 -5.334014583104940144e-02
1.420249999999884383e-01 -5.330435227480894572e-02
1.422749999999884107e-01 -5.326684716127120384e-02
1.425249999999883832e-01 -5.322746859223131954e-02
1.427749999999883557e-01 -5.318602390214957620e-02
1.430249999999883281e-01 -5.314229773248703437e-02
1.432749999999883006e-01 -5.309602588513336746e-02
1.435249999999882731e-01 -5.304690176057220985e-02
1.437749999999882455e-01 -5.299455651598877076e-02
1.440249999999882180e-01 -5.293855722002290681e-02
1.442749999999881905e-01 -5.287836474041573975e-02
1.445249999999881629e-01 -5.281332899668213926e-02
1.447749999999881354e-01 -5.274263891949571015e-02
1.450249999999881079e-01 -5.266526153423152501e-02
1.452749999999880803e-01 -5.257993816174447166e-02
1.455249999999880528e-01 -5.248498355602002757e-02
1.457749999999880253e-01 -5.237819306000182640e-02
1.460249999999879977e-01 -5.225658349742345193e-02
1.462749999999879702e-01 -5.211602314522056911e-02
1.465249999999879427e-01 -5.195071859191471159e-02
1.467749999999879151e-01 -5.175197004185919103e-02
1.470249999999878876e-01 -5.150631732977053318e-02
1.472749999999878601e-01 -5.119167050415288772e-02
1.475249999999878325e-01 -5.076885889429886417e-02
1.477749999999878050e-01 -5.016052882201573609e-02
1.480249999999877775e-01 -4.918813951065653667e-02
1.482749999999877499e-01 -4.731719984776761728e-02
1.485249999999877224e-01 -4.182773739208840713e-02
1.487749999999876949e-01 1.484171299360043973e-03
1.490249999999876673e-01 1.453518863515018342e-02
1.492749999999876398e-01 -8.241828956068386006e-04
1.495249999999876123e-01 -1.910657568745681434e-02
1.497749999999875847e-01 -3.468600533492966626e-02
1.500249999999875572e-01 -4.813680671980276327e-02
1.502749999999875297e-01 -5.587015836815699410e-02
1.505249999999875021e-01 -5.793336505853288743e-02
1.507749999999874746e-01 -5.775034751616549972e-02
1.510249999999874471e-01 -5.694856962616413193e-02
1.512749999999874195e-01 -5.609940904055541605e-02
1.515249999999873920e-01 -5.537167392165742719e-02
1.517749999999873645e-01 -5.479220927300201827e-02
1.520249999999873369e-01 -5.434397979657737410e-02
1.522749999999873094e-01 -5.400106668829686429e-02
1.525249999999872819e-01 -5.373974708522011312e-02
1.527749999999872543e-01 -5.354103474405725455e-02
1.530249999999872268e-01 -5.339045199918334567e-02
1.532749999999871993e-01 -5.327720499283210287e-02
1.535249999999871717e-01 -5.319319330567175846e-02
1.537749999999871442e-01 -5.313240216701502205e-02
1.540249999999871167e-01 -5.309020060032854788e-02
1.542749999999870891e-01 -5.306310633345318051e-02
1.545249999999870616e-01 -5.304838711716682725e-02
1.547749999999870341e-01 -5.304389885444351499e-02
1.550249999999870065e-01 -5.304790401407003669e-02
1.552749999999869790e-01 -5.305901109268548743e-02
1.555249999999869515e-01 -5.307605461609950920e-02
1.557749999999869239e-01 -5.309805204343258367e-02
1.560249999999868964e-01 -5.312417959884584845e-02
1.562749999999868689e-01 -5.315369906303651221e-02
1.565249999999868413e-01 -5.318597204751072949e-02
1.567749999999868138e-01 -5.322044380267098446e-02
1.570249999999867863e-01 -5.325660870869634161e-02
1.572749999999867587e-01 -5.329401621818064677e-02
1.575249999999867312e-01 -5.333226054523217824e-02
1.577749999999867037e-01 -5.337097717322246415e-02
1.580249999999866761e-01 -5.340984078308130129e-02
1.582749999999866486e-01 -5.344856046138027339e-02
1.585249999999866211e-01 -5.348687865483342518e-02
1.587749999999865935e-01 -5.352456977168651431e-02
1.590249999999865660e-01 -5.356143711110390032e-02
1.592749999999865385e-01 -5.359731139491522023e-02
1.595249999999865109e-01 -5.363205009463923451e-02
1.597749999999864834e-01 -5.366553376972654082e-02
1.600249999999864559e-01 -5.369766561262341587e-02
1.602749999999864283e-01 -5.372836888529299026e-02
1.605249999999864008e-01 -5.375758548664515135e-02
1.607749999999863733e-01 -5.378527364301022295e-02
1.610249999999863457e-01 -5.381140701501799239e-02
1.612749999999863182e-01 -5.383597105078521267e-02
1.615249999999862907e-01 -5.385896220816716040e-02
1.617749999999862631e-01 -5.388038831083574731e-02
1.620249999999862356e-01 -5.390026324103011635e-02
1.622749999999862081e-01 -5.391860931866662709e-02
1.625249999999861805e-01 -5.393545281174780270e-02
1.627749999999861530e-01 -5.395082441436785392e-02
1.630249999999861255e-01 -5.396475991020253937e-02
1.632749999999860979e-01 -5.397729598145498825e-02
1.635249999999860704e-01 -5.398847180383686134e-02
1.637749999999860429e-01 -5.399832830565839958e-02
1.640249999999860153e-01 -5.400690488440525877e-02
1.642749999999859878e-01 -5.401424393252039768e-02
1.645249999999859603e-01 -5.402038564115604208e-02
1.647749999999859327e-01 -5.402537072543370927e-02
1.650249999999859052e-01 -5.402923823132761011e-02
1.652749999999858777e-01 -5.403202554513008432e-02
1.655249999999858501e-01 -5.403377024611320800e-02
1.657749999999858226e-01 -5.403450744484712687e-02
1.660249999999857951e-01 -5.403427174372236325e-02
1.662749999999857675e-01 -5.403309547023837228e-02
1.665249999999857400e-01 -5.403100898167373378e-02
1.667749999999857125e-01 -5.402804195563336992e-02
1.670249999999856849e-01 -5.402422174733904903e-02
1.672749999999856574e-01 -5.401957324915452469e-02
1.675249999999856299e-01 -5.401412243806467950e-02
1.677749999999856023e-01 -5.400789008796327145e-02
1.680249999999855748e-01 -5.400089800414775709e-02
1.682749999999855472e-01 -5.399316522327212570e-02
1.685249999999855197e-01 -5.398470909286986336e-02
1.687749999999854922e-01 -5.397554541353427604e-02
1.690249999999854646e-01 -5.396568873601288036e-02
1.692749999999854371e-01 -5.395515117695758034e-02
1.695249999999854096e-01 -5.394394380214961177e-02
1.697749999999853820e-01 -5.393207552924488002e-02
1.700249999999853545e-01 -5.391955390840693502e-02
