2.500000000000000120e-05 -5.343425826910250254e-02
2.750000000000000708e-04 -5.336799090860835926e-02
5.250000000000000760e-04 -5.329785177157937009e-02
7.749999999999996475e-04 -5.322343248820807921e-02
1.024999999999999436e-03 -5.314437195367391342e-02
1.275000000000000092e-03 -5.306024956091826006e-02
1.525000000000000747e-03 -5.297059050343908698e-02
1.775000000000001403e-03 -5.287482267355095994e-02
2.025000000000001625e-03 -5.277230387747836732e-02
2.275000000000000112e-03 -5.266226011945169400e-02
2.524999999999998600e-03 -5.254379804110201335e-02
2.774999999999997087e-03 -5.241584002564257661e-02
3.024999999999995574e-03 -5.227711829497710266e-02
3.274999999999994062e-03 -5.212606374357174610e-02
3.524999999999992549e-03 -5.196083438529675025e-02
3.774999999999991036e-03 -5.177909026369658524e-02
4.024999999999989524e-03 -5.157791745662626548e-02
4.274999999999988011e-03 -5.135365406692415230e-02
4.524999999999986498e-03 -5.110152340300742196e-02
4.774999999999984986e-03 -5.081526884266081984e-02
5.024999999999983473e-03 -5.048639385916971895e-02
5.274999999999981960e-03 -5.010311401242828477e-02
5.524999999999980448e-03 -4.964845246120881683e-02
5.774999999999978935e-03 -4.909694182104101107e-02
6.024999999999977422e-03 -4.840819777547446939e-02
6.274999999999975910e-03 -4.751369888805268005e-02
6.524999999999974397e-03 -4.628594661191862830e-02
6.774999999999972884e-03 -4.445585600657829539e-02
7.024999999999971372e-03 -4.134652163604134872e-02
7.274999999999969859e-03 -3.487674568042672257e-02
7.524999999999968346e-03 -2.091165565811758595e-02
7.774999999999966833e-03 -9.065529616482350533e-03
8.024999999999973127e-03 -6.956753740657557403e-03
8.274999999999980288e-03 -1.258110017486738404e-02
8.524999999999987449e-03 -2.264472206141374816e-02
8.774999999999994610e-03 -3.330357899905703190e-02
9.025000000000001771e-03 -4.232192568920492559e-02
9.275000000000008932e-03 -4.891767644111948143e-02
9.525000000000016093e-03 -5.311549272481077416e-02
9.775000000000023254e-03 -5.553909529322250543e-02
1.002500000000003041e-02 -5.684580751586269798e-02
1.027500000000003758e-02 -5.749338348675026023e-02
1.052500000000004474e-02 -5.776281381360569289e-02
1.077500000000005190e-02 -5.781917885085589154e-02
1.102500000000005906e-02 -5.775812041206668246e-02
1.127500000000006622e-02 -5.763483065145565826e-02
1.152500000000007338e-02 -5.748120169871133445e-02
1.177500000000008054e-02 -5.731560194640513556e-02
1.202500000000008770e-02 -5.714856369563580535e-02
1.227500000000009486e-02 -5.698600117184231956e-02
1.252500000000010202e-02 -5.683109576625865883e-02
1.277500000000010918e-02 -5.668542257670807633e-02
1.302500000000011635e-02 -5.654957635905624030e-02
1.327500000000012351e-02 -5.642359354876223115e-02
1.352500000000013067e-02 -5.630718260541347359e-02
1.377500000000013783e-02 -5.619989650976760232e-02
1.402500000000014499e-02 -5.610117061676308386e-02
1.427500000000015215e-02 -5.601041314476049027e-02
1.452500000000015931e-02 -5.592704231102610390e-02
1.477500000000016647e-02 -5.585047268202953524e-02
1.502500000000017363e-02 -5.578016555399911702e-02
1.527500000000018079e-02 -5.571560558674745756e-02
1.552500000000018796e-02 -5.565631176395720303e-02
1.577500000000019512e-02 -5.560183887918437873e-02
1.602500000000020228e-02 -5.555177720646547329e-02
1.627500000000020944e-02 -5.550574714370513918e-02
1.652500000000021660e-02 -5.546340283336473331e-02
1.677500000000022376e-02 -5.542441849975170837e-02
1.702500000000023092e-02 -5.538850396569637569e-02
1.727500000000023808e-02 -5.535538639734994409e-02
1.752500000000024524e-02 -5.532480988189830001e-02
1.777500000000025240e-02 -5.529654488618040986e-02
1.802500000000025956e-02 -5.527037304817003505e-02
1.827500000000026673e-02 -5.524610322301912874e-02
1.852500000000027389e-02 -5.522355276734659812e-02
1.877500000000028105e-02 -5.520255833898719822e-02
1.902500000000028821e-02 -5.518295980004164075e-02
1.927500000000029537e-02 -5.516461535626596829e-02
1.952500000000030253e-02 -5.514739354403833810e-02
1.977500000000030969e-02 -5.513117062571870619e-02
2.002500000000031685e-02 -5.511582964572500631e-02
2.027500000000032401e-02 -5.510126654344615210e-02
2.052500000000033117e-02 -5.508738206013594901e-02
2.077500000000033833e-02 -5.507408373203728780e-02
2.102500000000034550e-02 -5.506128668486440225e-02
2.127500000000035266e-02 -5.504891118395660587e-02
2.152500000000035982e-02 -5.503688267997001310e-02
2.177500000000036698e-02 -5.502513182537265013e-02
2.202500000000037414e-02 -5.501359313010831253e-02
2.227500000000038130e-02 -5.500220588772965213e-02
2.252500000000038846e-02 -5.499091278657278897e-02
2.277500000000039562e-02 -5.497965997715032610e-02
2.302500000000040278e-02 -5.496839675896397770e-02
2.327500000000040994e-02 -5.495707535114127684e-02
2.352500000000041711e-02 -5.494565046220920013e-02
2.377500000000042427e-02 -5.493407923312618873e-02
2.402500000000043143e-02 -5.492232093873138793e-02
2.427500000000043859e-02 -5.491033663862138897e-02
2.452500000000044575e-02 -5.489808957791719735e-02
2.477500000000045291e-02 -5.488554353835355115e-02
2.502500000000046007e-02 -5.487266447596672592e-02
2.527500000000046723e-02 -5.485941902464181591e-02
2.552500000000047439e-02 -5.484577505979072037e-02
2.577500000000048155e-02 -5.483170100573234867e-02
2.602500000000048871e-02 -5.481716585460597035e-02
2.627500000000049588e-02 -5.480213936392818591e-02
2.652500000000050304e-02 -5.478659157823054238e-02
2.677500000000051020e-02 -5.477049274910363030e-02
2.702500000000051736e-02 -5.475381307223658317e-02
2.727500000000052452e-02 -5.473652274940413176e-02
2.752500000000053168e-02 -5.471859114532850316e-02
2.777500000000053884e-02 -5.469998832824363166e-02
2.802500000000054600e-02 -5.468068282935815289e-02
2.827500000000055316e-02 -5.466064275863085492e-02
2.852500000000056032e-02 -5.463983530100768177e-02
2.877500000000056748e-02 -5.461822658342196934e-02
2.902500000000057465e-02 -5.459578146019957584e-02
2.927500000000058181e-02 -5.457246333937215699e-02
2.952500000000058897e-02 -5.454823396488507614e-02
2.977500000000059613e-02 -5.452305320044121412e-02
3.002500000000060329e-02 -5.449687878885907388e-02
3.027500000000061045e-02 -5.446966613952488462e-02
3.052500000000061761e-02 -5.444136616468561035e-02
3.077500000000062477e-02 -5.441193038658893866e-02
3.102500000000063193e-02 -5.438130534798662347e-02
3.127500000000063562e-02 -5.434943364864796428e-02
3.152500000000060809e-02 -5.431625300124392347e-02
3.177500000000058056e-02 -5.428169808174975602e-02
3.202500000000055302e-02 -5.424570025375172883e-02
3.227500000000052549e-02 -5.420818057495378067e-02
3.252500000000049796e-02 -5.416905592967150018e-02
3.277500000000047042e-02 -5.412823652595738499e-02
3.302500000000044289e-02 -5.408562660371105113e-02
3.327500000000041536e-02 -5.404111668001012475e-02
3.352500000000038782e-02 -5.399458994601634421e-02
3.377500000000036029e-02 -5.394592137165421519e-02
3.402500000000033276e-02 -5.389496555413183371e-02
3.427500000000030522e-02 -5.384157404296441296e-02
3.452500000000027769e-02 -5.378557379833252827e-02
3.477500000000025016e-02 -5.372677163476972939e-02
3.502500000000022262e-02 -5.366496034820422700e-02
3.527500000000019509e-02 -5.359990093505744707e-02
3.552500000000016755e-02 -5.353133474671586955e-02
3.577500000000014002e-02 -5.345896249029168795e-02
3.602500000000011249e-02 -5.338244496836947600e-02
3.627500000000008495e-02 -5.330141077516118570e-02
3.652500000000005742e-02 -5.321540964711798244e-02
3.677500000000002989e-02 -5.312395510968195844e-02
3.702500000000000235e-02 -5.302648554832851274e-02
3.727499999999997482e-02 -5.292233990676283029e-02
3.752499999999994729e-02 -5.281073736433126997e-02
3.777499999999991975e-02 -5.269078354841612993e-02
3.802499999999989222e-02 -5.256138962877505982e-02
3.827499999999986469e-02 -5.242128259414670366e-02
3.852499999999983715e-02 -5.226892697452310832e-02
3.877499999999980962e-02 -5.210241872971597271e-02
3.902499999999978209e-02 -5.191946503185850686e-02
3.927499999999975455e-02 -5.171715463840429600e-02
3.952499999999972702e-02 -5.149180793227511876e-02
3.977499999999969948e-02 -5.123866761285060523e-02
4.002499999999967195e-02 -5.095145754535256727e-02
4.027499999999964442e-02 -5.062168829291958244e-02
4.052499999999961688e-02 -5.023754616624147989e-02
4.077499999999958935e-02 -4.978201386509191473e-02
4.102499999999956182e-02 -4.922950530924076473e-02
4.127499999999953428e-02 -4.853935625474751353e-02
4.152499999999950675e-02 -4.764236382598129038e-02
4.177499999999947922e-02 -4.640911241513562963e-02
4.202499999999945168e-02 -4.456424393197975370e-02
4.227499999999942415e-02 -4.140479843867998083e-02
4.252499999999939662e-02 -3.470798943127562097e-02
4.277499999999936908e-02 -2.002178127947755806e-02
4.302499999999934155e-02 -8.046054544779026110e-03
4.327499999999931402e-02 -6.251001656917803961e-03
4.352499999999928648e-02 -1.242774964525989248e-02
4.377499999999925895e-02 -2.300278059981057319e-02
4.402499999999923141e-02 -3.394181980662413362e-02
4.427499999999920388e-02 -4.304172428707171011e-02
4.452499999999917635e-02 -4.957309793938217968e-02
4.477499999999914881e-02 -5.364217188121451346e-02
4.502499999999912128e-02 -5.594429493706552792e-02
4.527499999999909375e-02 -5.715660861302733486e-02
4.552499999999906621e-02 -5.773504920999392859e-02
4.577499999999903868e-02 -5.795440180521289897e-02
4.602499999999901115e-02 -5.797410421720469026e-02
4.627499999999898361e-02 -5.788561725623917603e-02
4.652499999999895608e-02 -5.774126384237449061e-02
4.677499999999892855e-02 -5.757102964225874892e-02
4.702499999999890101e-02 -5.739199119115664938e-02
4.727499999999887348e-02 -5.721381212867418520e-02
4.752499999999884595e-02 -5.704181396684918082e-02
4.777499999999881841e-02 -5.687876300650206163e-02
4.802499999999879088e-02 -5.672594152962334713e-02
4.827499999999876334e-02 -5.658372647900922203e-02
4.852499999999873581e-02 -5.645199385851008833e-02
4.877499999999870828e-02 -5.633033753963836293e-02
4.902499999999868074e-02 -5.621820222999830002e-02
4.927499999999865321e-02 -5.611496135773667848e-02
4.952499999999862568e-02 -5.601996429978632619e-02
4.977499999999859814e-02 -5.593257590429066145e-02
5.002499999999857061e-02 -5.585218574021506843e-02
5.027499999999854308e-02 -5.577821026147454508e-02
5.052499999999851554e-02 -5.571010913744568749e-02
5.077499999999848801e-02 -5.564738390989444616e-02
5.102499999999846048e-02 -5.558956848580197396e-02
5.127499999999843294e-02 -5.553624187936726658e-02
5.152499999999840541e-02 -5.548700598994067701e-02
5.177499999999837788e-02 -5.544150192602477489e-02
5.202499999999835034e-02 -5.539940499119252321e-02
5.227499999999832281e-02 -5.536040422192169130e-02
5.252499999999829527e-02 -5.532423078072618711e-02
5.277499999999826774e-02 -5.529061354228116676e-02
5.302499999999824021e-02 -5.525932438401527647e-02
5.327499999999821267e-02 -5.523013583952062627e-02
5.352499999999818514e-02 -5.520285294733509596e-02
5.377499999999815761e-02 -5.517728970508949116e-02
5.402499999999813007e-02 -5.515327595697533392e-02
5.427499999999810254e-02 -5.513065152421390419e-02
5.452499999999807501e-02 -5.510926907516026235e-02
5.477499999999804747e-02 -5.508899375052004471e-02
5.502499999999801994e-02 -5.506970015541066271e-02
5.527499999999799241e-02 -5.505126906178639534e-02
5.552499999999796487e-02 -5.503359201289054203e-02
5.577499999999793734e-02 -5.501656778443504703e-02
5.602499999999790981e-02 -5.500010139955026356e-02
5.627499999999788227e-02 -5.498410527545780080e-02
5.652499999999785474e-02 -5.496849677919262572e-02
5.677499999999782720e-02 -5.495319870687336017e-02
5.702499999999779967e-02 -5.493813870207289035e-02
5.727499999999777214e-02 -5.492324879627762807e-02
5.752499999999774460e-02 -5.490846486884112115e-02
5.777499999999771707e-02 -5.489372653162726684e-02
5.802499999999768954e-02 -5.487897663437187740e-02
5.827499999999766200e-02 -5.486416100404532814e-02
5.852499999999763447e-02 -5.484922794694320480e-02
5.877499999999760694e-02 -5.483412874001632187e-02
5.902499999999757940e-02 -5.481881631215741041e-02
5.927499999999755187e-02 -5.480324571677100409e-02
5.952499999999752434e-02 -5.478737354659683756e-02
5.977499999999749680e-02 -5.477115763203886656e-02
6.002499999999746927e-02 -5.471381510244408691e-02
6.027499999999744174e-02 -5.102543934036096740e-02
6.052499999999741420e-02 -4.348277341937113044e-02
6.077499999999738667e-02 -2.855516947215276657e-02
6.102499999999735913e-02 -2.645786439433779093e-03
6.127499999999733160e-02 9.395108188566208759e-03
6.152499999999730407e-02 4.618865844230481306e-03
6.177499999999727653e-02 -1.287774686117605649e-02
6.202499999999724900e-02 -3.030328638440463532e-02
6.227499999999722147e-02 -4.220150237323065656e-02
6.252499999999719393e-02 -4.866402798277681685e-02
6.277499999999716640e-02 -5.108248867101410767e-02
6.302499999999713887e-02 -5.113270525479837042e-02
6.327499999999711133e-02 -4.995245308952584590e-02
6.352499999999708380e-02 -4.815620428728865227e-02
6.377499999999705627e-02 -4.602572631463146269e-02
6.402499999999702873e-02 -4.362643218009618767e-02
6.427499999999700120e-02 -4.086227455603212710e-02
6.452499999999697367e-02 -3.752076313469653035e-02
6.477499999999694613e-02 -3.346485837569700833e-02
6.502499999999691860e-02 -2.923551504644861243e-02
6.527499999999689106e-02 -2.629492403732319739e-02
6.552499999999686353e-02 -2.567051949570544819e-02
6.577499999999683600e-02 -2.724681583459293011e-02
6.602499999999680846e-02 -3.029618825478082658e-02
6.627499999999678093e-02 -3.396954694392902846e-02
6.652499999999675340e-02 -3.758485614554879506e-02
6.677499999999672586e-02 -4.072558951676179262e-02
6.702499999999669833e-02 -4.320523222673729874e-02
6.727499999999667080e-02 -4.500014756976463554e-02
6.752499999999664326e-02 -4.618587659749000263e-02
6.777499999999661573e-02 -4.687919832871318554e-02
6.802499999999658820e-02 -4.719741170671200997e-02
6.827499999999656066e-02 -4.723863863395729584e-02
6.852499999999653313e-02 -4.707646865297620414e-02
6.877499999999650560e-02 -4.676163680655970323e-02
6.902499999999647806e-02 -4.632557661912446029e-02
6.927499999999645053e-02 -4.578388707845797156e-02
6.952499999999642299e-02 -4.513854645129766752e-02
6.977499999999639546e-02 -4.437883963398575604e-02
7.002499999999636793e-02 -4.348056813807386206e-02
7.027499999999634039e-02 -4.240374230049684390e-02
7.052499999999631286e-02 -4.108962018770418584e-02
7.077499999999628533e-02 -3.946172925443641039e-02
7.102499999999625779e-02 -3.744734634604827278e-02
7.127499999999623026e-02 -3.505921839159320541e-02
7.152499999999620273e-02 -3.256481087110702638e-02
7.177499999999617519e-02 -3.057091448787318047e-02
7.202499999999614766e-02 -2.970939461473220966e-02
7.227499999999612013e-02 -3.021528626848259472e-02
7.252499999999609259e-02 -3.190416279863434595e-02
7.277499999999606506e-02 -3.438019873918022468e-02
7.302499999999603753e-02 -3.721866926611912957e-02
7.327499999999600999e-02 -4.006839273261669082e-02
7.352499999999598246e-02 -4.268424680058685583e-02
7.377499999999595492e-02 -4.492437925310711899e-02
7.402499999999592739e-02 -4.673743925496648410e-02
7.427499999999589986e-02 -4.814014936481970930e-02
7.452499999999587232e-02 -4.918772584880260618e-02
7.477499999999584479e-02 -4.994808340818978482e-02
7.502499999999581726e-02 -5.048598325062262498e-02
7.527499999999578972e-02 -5.085615648040205106e-02
7.552499999999576219e-02 -5.110200417018839064e-02
7.577499999999573466e-02 -5.125658399864842923e-02
7.602499999999570712e-02 -5.134442690111494512e-02
7.627499999999567959e-02 -5.138355638021571692e-02
7.652499999999565206e-02 -5.138706540346466012e-02
7.677499999999562452e-02 -5.136440702991471041e-02
7.702499999999559699e-02 -5.132232397556825421e-02
7.727499999999556946e-02 -5.126560901088297179e-02
7.752499999999554192e-02 -5.119766459370724693e-02
7.777499999999551439e-02 -5.112083189862020455e-02
7.802499999999548685e-02 -5.103667274412281019e-02
7.827499999999545932e-02 -5.094616827516457863e-02
7.852499999999543179e-02 -5.084986405204928311e-02
7.877499999999540425e-02 -5.074794817409608583e-02
7.902499999999537672e-02 -5.064032698958644690e-02
7.927499999999534919e-02 -5.052664215108887413e-02
7.952499999999532165e-02 -5.040634477151691856e-02
7.977499999999529412e-02 -5.027864119565851608e-02
8.002499999999526659e-02 -5.014253003286374410e-02
8.027499999999523905e-02 -4.999675581087563436e-02
8.052499999999521152e-02 -4.983977180344439928e-02
8.077499999999518399e-02 -4.966969954284589789e-02
8.102499999999515645e-02 -4.948421484648162644e-02
8.127499999999512892e-02 -4.928042603290548607e-02
8.152499999999510139e-02 -4.905475143104223723e-02
8.177499999999507385e-02 -4.880261730703346762e-02
8.202499999999504632e-02 -4.851814579528783422e-02
8.227499999999501878e-02 -4.819354945400365631e-02
8.252499999999499125e-02 -4.781837007910784421e-02
8.277499999999496372e-02 -4.737810904281754970e-02
8.302499999999493618e-02 -4.685201146692687807e-02
8.327499999999490865e-02 -4.620924823150539262e-02
8.352499999999488112e-02 -4.540182489127456839e-02
8.377499999999485358e-02 -4.435101289836720223e-02
8.402499999999482605e-02 -4.291926266256484990e-02
8.427499999999479852e-02 -4.085083850962422519e-02
8.452499999999477098e-02 -3.766038537135747016e-02
8.477499999999474345e-02 -3.262493637856910683e-02
8.502499999999471592e-02 -2.608442860658380727e-02
8.527499999999468838e-02 -2.128736006569911798e-02
8.552499999999466085e-02 -2.029427502479565909e-02
8.577499999999463332e-02 -2.268391695053478124e-02
8.602499999999460578e-02 -2.731556929684995222e-02
8.627499999999457825e-02 -3.290361607331017402e-02
8.652499999999455071e-02 -3.841227700018357005e-02
8.677499999999452318e-02 -4.321905305228238015e-02
8.702499999999449565e-02 -4.703555723623481510e-02
8.727499999999446811e-02 -4.983966775085481304e-02
8.752499999999444058e-02 -5.179019719784921233e-02
8.777499999999441305e-02 -5.310084374277918712e-02
8.802499999999438551e-02 -5.396178098456440309e-02
8.827499999999435798e-02 -5.451728719935410028e-02
8.852499999999433045e-02 -5.486899233743656318e-02
8.877499999999430291e-02 -5.508593408450644657e-02
8.902499999999427538e-02 -5.521428363457504818e-02
8.927499999999424785e-02 -5.528467949843732243e-02
8.952499999999422031e-02 -5.531745314803449692e-02
8.977499999999419278e-02 -5.532608496709685852e-02
9.002499999999416525e-02 -5.531961993854669218e-02
9.027499999999413771e-02 -5.530408470360689138e-02
9.052499999999411018e-02 -5.528351935444248549e-02
9.077499999999408264e-02 -5.526063587806224336e-02
9.102499999999405511e-02 -5.523724613383460685e-02
9.127499999999402758e-02 -5.521454776991811808e-02
9.152499999999400004e-02 -5.519331794071139635e-02
9.177499999999397251e-02 -5.517404414931142281e-02
9.202499999999394498e-02 -5.515701217554069141e-02
9.227499999999391744e-02 -5.514237072351862307e-02
9.252499999999388991e-02 -5.513017243700868431e-02
9.277499999999386238e-02 -5.512040126299539572e-02
9.302499999999383484e-02 -5.511299749851568397e-02
9.327499999999380731e-02 -5.510787390025278371e-02
9.352499999999377978e-02 -5.510492162593655374e-02
9.377499999999375224e-02 -5.510402338877950362e-02
9.402499999999372471e-02 -5.510504967352039540e-02
9.427499999999369718e-02 -5.510786944879678823e-02
9.452499999999366964e-02 -5.511235005106971535e-02
9.477499999999364211e-02 -5.511836082020474953e-02
9.502499999999361457e-02 -5.512577591893975254e-02
9.527499999999358704e-02 -5.513447460793353960e-02
9.552499999999355951e-02 -5.514433853787092249e-02
9.577499999999353197e-02 -5.515525603632485951e-02
9.602499999999350444e-02 -5.516711895007394423e-02
9.627499999999347691e-02 -5.517982474257026454e-02
9.652499999999344937e-02 -5.519327741638047763e-02
9.677499999999342184e-02 -5.520738424862491056e-02
9.702499999999339431e-02 -5.522205755921259784e-02
9.727499999999336677e-02 -5.523721711792765193e-02
9.752499999999333924e-02 -5.525278577811400249e-02
9.777499999999331171e-02 -5.526869137302258678e-02
9.802499999999328417e-02 -5.528486661700020288e-02
9.827499999999325664e-02 -5.530124838991127417e-02
9.852499999999322911e-02 -5.531777774714066037e-02
9.877499999999320157e-02 -5.533439962366520221e-02
9.902499999999317404e-02 -5.535106274163262979e-02
9.927499999999314650e-02 -5.536771935012418239e-02
9.952499999999311897e-02 -5.538432516104507125e-02
9.977499999999309144e-02 -5.540083909187590999e-02
1.000249999999930639e-01 -5.541722312949697721e-02
1.002749999999930364e-01 -5.543344198652080945e-02
1.005249999999930088e-01 -5.544946329584802408e-02
1.007749999999929813e-01 -5.546525717352074336e-02
1.010249999999929538e-01 -5.548079602144369293e-02
1.012749999999929262e-01 -5.549605463272933026e-02
1.015249999999928987e-01 -5.551101007108558832e-02
1.017749999999928712e-01 -5.552564122394941515e-02
1.020249999999928436e-01 -5.553992894226777999e-02
1.022749999999928161e-01 -5.555385540975105868e-02
1.025249999999927886e-01 -5.556740488015664281e-02
1.027749999999927610e-01 -5.558056298847351834e-02
1.030249999999927335e-01 -5.559331683170196103e-02
1.032749999999927060e-01 -5.560565473182568080e-02
1.035249999999926784e-01 -5.561756627708638184e-02
1.037749999999926509e-01 -5.562904210066664523e-02
1.040249999999926234e-01 -5.564007407020123835e-02
1.042749999999925958e-01 -5.565065520127782106e-02
1.045249999999925683e-01 -5.566077910132882084e-02
1.047749999999925408e-01 -5.567044030081744199e-02
1.050249999999925132e-01 -5.567963408712395951e-02
1.052749999999924857e-01 -5.568835648207103722e-02
1.055249999999924582e-01 -5.569660417170889388e-02
1.057749999999924306e-01 -5.570437431210625151e-02
1.060249999999924031e-01 -5.571166470245834945e-02
1.062749999999923756e-01 -5.571847365102598759e-02
1.065249999999923480e-01 -5.572479978141725576e-02
1.067749999999923205e-01 -5.573064213718992299e-02
1.070249999999922930e-01 -5.573600014451563639e-02
1.072749999999922654e-01 -5.574087354533648064e-02
1.075249999999922379e-01 -5.574526234929558927e-02
1.077749999999922104e-01 -5.574916681692596021e-02
1.080249999999921828e-01 -5.575258739900115779e-02
1.082749999999921553e-01 -5.575552473543284038e-02
1.085249999999921278e-01 -5.575797959948159549e-02
1.087749999999921002e-01 -5.575995289009041261e-02
1.090249999999920727e-01 -5.576144558937615875e-02
1.092749999999920452e-01 -5.576245875056277251e-02
1.095249999999920176e-01 -5.576299346380321487e-02
1.097749999999919901e-01 -5.576305084013494923e-02
1.100249999999919626e-01 -5.576263198719081521e-02
1.102749999999919350e-01 -5.576173798955687960e-02
1.105249999999919075e-01 -5.576036988971176667e-02
1.107749999999918800e-01 -5.575852866771397603e-02
1.110249999999918524e-01 -5.575621522348021136e-02
1.112749999999918249e-01 -5.575343036118528273e-02
1.115249999999917974e-01 -5.575017477212915878e-02
1.117749999999917698e-01 -5.574644901869518082e-02
1.120249999999917423e-01 -5.574225351802423317e-02
1.122749999999917148e-01 -5.573758852679534109e-02
1.125249999999916872e-01 -5.573245412618340472e-02
1.127749999999916597e-01 -5.572685020703145586e-02
1.130249999999916322e-01 -5.572077645516333028e-02
1.132749999999916046e-01 -5.571423233675716624e-02
1.135249999999915771e-01 -5.570721708369814895e-02
1.137749999999915496e-01 -5.569972967880911646e-02
1.140249999999915220e-01 -5.569176884079536649e-02
1.142749999999914945e-01 -5.568333300839083816e-02
1.145249999999914670e-01 -5.567442031795100804e-02
1.147749999999914394e-01 -5.566502840458790319e-02
1.150249999999914119e-01 -5.565515511086861766e-02
1.152749999999913844e-01 -5.564479755924240517e-02
1.155249999999913568e-01 -5.563395248189459408e-02
1.157749999999913293e-01 -5.562261632120737986e-02
1.160249999999913018e-01 -5.561078505018714896e-02
1.162749999999912742e-01 -5.559845343562899722e-02
1.165249999999912467e-01 -5.558561756939162102e-02
1.167749999999912192e-01 -5.557227277510913555e-02
1.170249999999911916e-01 -5.555841285850770389e-02
1.172749999999911641e-01 -5.554403040274680237e-02
1.175249999999911366e-01 -5.552912047129666961e-02
1.177749999999911090e-01 -5.551367468946608735e-02
1.180249999999910815e-01 -5.549768508116871557e-02
1.182749999999910540e-01 -5.548114316153374831e-02
1.185249999999910264e-01 -5.546403873957644892e-02
1.187749999999909989e-01 -5.544636353564145331e-02
1.190249999999909714e-01 -5.542810419351945628e-02
1.192749999999909438e-01 -5.540925088668941650e-02
1.195249999999909163e-01 -5.538979241754858618e-02
1.197749999999908888e-01 -5.536971535324813898e-02
1.200249999999908612e-01 -5.534900392468785485e-02
1.202749999999908337e-01 -5.532764454071730648e-02
1.205249999999908062e-01 -5.530562006042598344e-02
1.207749999999907786e-01 -5.528291317158032930e-02
1.210249999999907511e-01 -5.525950472398207663e-02
1.212749999999907236e-01 -5.523537607076953876e-02
1.215249999999906960e-01 -5.521050534583369501e-02
1.217749999999906685e-01 -5.518486997192631471e-02
1.220249999999906410e-01 -5.515844546731590858e-02
1.222749999999906134e-01 -5.513120557223469970e-02
1.225249999999905859e-01 -5.510312227858597811e-02
1.227749999999905584e-01 -5.507416559330201994e-02
1.230249999999905308e-01 -5.504430331373533214e-02
1.232749999999905033e-01 -5.501350090445900759e-02
1.235249999999904758e-01 -5.498172123249312621e-02
1.237749999999904482e-01 -5.494892431418847006e-02
1.240249999999904207e-01 -5.491506724420512631e-02
1.242749999999903932e-01 -5.488010364613614411e-02
1.245249999999903656e-01 -5.484398351787948128e-02
1.247749999999903381e-01 -5.480665292798091170e-02
1.250249999999903106e-01 -5.476805388443365535e-02
1.252749999999902830e-01 -5.472812186890572972e-02
1.255249999999902555e-01 -5.468679006577856910e-02
1.257749999999902280e-01 -5.464398423420817330e-02
1.260249999999902004e-01 -5.459962426421761245e-02
1.262749999999901729e-01 -5.455362375290614962e-02
1.265249999999901453e-01 -5.450588507579053749e-02
1.267749999999901178e-01 -5.445630461553233048e-02
1.270249999999900903e-01 -5.440476691207274396e-02
1.272749999999900627e-01 -5.435114572991265464e-02
1.275249999999900352e-01 -5.429530216909673329e-02
1.277749999999900077e-01 -5.423708265860133909e-02
1.280249999999899801e-01 -5.417631860332314947e-02
1.282749999999899526e-01 -5.411282435335902641e-02
1.285249999999899251e-01 -5.404638558143286947e-02
1.287749999999898975e-01 -5.397677077693320558e-02
1.290249999999898700e-01 -5.390372368028990835e-02
1.292749999999898425e-01 -5.382694473207843416e-02
1.295249999999898149e-01 -5.374609807305120307e-02
1.297749999999897874e-01 -5.366081601574135967e-02
1.300249999999897599e-01 -5.357065300511764522e-02
1.302749999999897323e-01 -5.347512399140575551e-02
1.305249999999897048e-01 -5.337367159230862329e-02
1.307749999999896773e-01 -5.326563109677406871e-02
1.310249999999896497e-01 -5.315023743932335148e-02
1.312749999999896222e-01 -5.302658907765271656e-02
1.315249999999895947e-01 -5.289361231037159605e-02
1.317749999999895671e-01 -5.275004141412880515e-02
1.320249999999895396e-01 -5.259433866500026755e-02
1.322749999999895121e-01 -5.242463824894803143e-02
1.325249999999894845e-01 -5.223863686738689643e-02
1.327749999999894570e-01 -5.203344959253894397e-02
1.330249999999894295e-01 -5.180539500750290516e-02
1.332749999999894019e-01 -5.154972850904821630e-02
1.335249999999893744e-01 -5.126019626919220418e-02
1.337749999999893469e-01 -5.092830030853377765e-02
1.340249999999893193e-01 -5.054221988969504614e-02
1.342749999999892918e-01 -5.008487804626143847e-02
1.345249999999892643e-01 -4.953050652839227630e-02
1.347749999999892367e-01 -4.883798478282622146e-02
1.350249999999892092e-01 -4.793686387037317947e-02
1.352749999999891817e-01 -4.669407424008378826e-02
1.355249999999891541e-01 -4.482168136184270374e-02
1.357749999999891266e-01 -4.156126405474640934e-02
1.360249999999890991e-01 -3.435987434509853861e-02
1.362749999999890715e-01 -1.799792318556957954e-02
1.365249999999890440e-01 -5.773168282980152728e-03
1.367749999999890165e-01 -4.730318694666940139e-03
1.370249999999889889e-01 -1.221353455099160115e-02
1.372749999999889614e-01 -2.392872665774007854e-02
1.375249999999889339e-01 -3.544390651428663830e-02
1.377749999999889063e-01 -4.467506001350811384e-02
1.380249999999888788e-01 -5.101484494210409976e-02
1.382749999999888513e-01 -5.477674480653320355e-02
1.385249999999888237e-01 -5.680656394322097097e-02
1.387749999999887962e-01 -5.781289705817077573e-02
1.390249999999887687e-01 -5.824242771914454886e-02
1.392749999999887411e-01 -5.835446751750163197e-02
1.395249999999887136e-01 -5.829563935594949536e-02
1.397749999999886861e-01 -5.814820926843251164e-02
1.400249999999886585e-01 -5.795840147946535598e-02
1.402749999999886310e-01 -5.775209458845006333e-02
1.405249999999886035e-01 -5.754367394349874792e-02
1.407749999999885759e-01 -5.734097779225615088e-02
1.410249999999885484e-01 -5.714809277362515455e-02
1.412749999999885209e-01 -5.696689061073426097e-02
1.415249999999884933e-01 -5.679802534964015215e-02
1.417749999999884658e-01 -5.664142523592859829e-02
1.420249999999884383e-01 -5.649662302771701894e-02
1.422749999999884107e-01 -5.636294563190033524e-02
1.425249999999883832e-01 -5.623964616357922386e-02
1.427749999999883557e-01 -5.612593221582209968e-02
1.430249999999883281e-01 -5.602102751299000566e-02
1.432749999999883006e-01 -5.592418967743192221e-02
1.435249999999882731e-01 -5.583471877589860771e-02
1.437749999999882455e-01 -5.575197738949628362e-02
1.440249999999882180e-01 -5.567535801094602305e-02
1.442749999999881905e-01 -5.560431168262407187e-02
1.445249999999881629e-01 -5.553834371439270862e-02
1.447749999999881354e-01 -5.547697830825412679e-02
1.450249999999881079e-01 -5.541979934233933619e-02
1.452749999999880803e-01 -5.536642281793423964e-02
1.455249999999880528e-01 -5.531649631738379258e-02
1.457749999999880253e-01 -5.526969529645288370e-02
1.460249999999879977e-01 -5.522571722173454795e-02
1.462749999999879702e-01 -5.518428580452222620e-02
1.465249999999879427e-01 -5.514515263195463035e-02
1.467749999999879151e-01 -5.510808610882218100e-02
1.470249999999878876e-01 -5.507287289367041733e-02
1.472749999999878601e-01 -5.503931643885726782e-02
1.475249999999878325e-01 -5.500723589503961342e-02
1.477749999999878050e-01 -5.497645946782072496e-02
1.480249999999877775e-01 -5.494683144576027051e-02
1.482749999999877499e-01 -5.491820782650266158e-02
1.485249999999877224e-01 -5.489045070927793535e-02
1.487749999999876949e-01 -5.486343238394572608e-02
1.490249999999876673e-01 -5.483703366441573801e-02
1.492749999999876398e-01 -5.481114351980096583e-02
1.495249999999876123e-01 -5.478565698928401090e-02
1.497749999999875847e-01 -5.476047489133320512e-02
1.500249999999875572e-01 -5.473550366725977306e-02
1.502749999999875297e-01 -5.471065438091905070e-02
1.505249999999875021e-01 -5.468584222456681493e-02
1.507749999999874746e-01 -5.466098611005155289e-02
1.510249999999874471e-01 -5.463600821081532333e-02
1.512749999999874195e-01 -5.461083329634491834e-02
1.515249999999873920e-01 -5.458538791793909883e-02
1.517749999999873645e-01 -5.455960236535650071e-02
1.520249999999873369e-01 -5.453340675924355646e-02
1.522749999999873094e-01 -5.450673267137141204e-02
1.525249999999872819e-01 -5.447951281985063260e-02
1.527749999999872543e-01 -5.445167974706514175e-02
1.530249999999872268e-01 -5.442316698315588508e-02
1.532749999999871993e-01 -5.439390573355750574e-02
1.535249999999871717e-01 -5.436382736274423394e-02
1.537749999999871442e-01 -5.433286180274725374e-02
1.540249999999871167e-01 -5.430093781044396939e-02
1.542749999999870891e-01 -5.426797970025390438e-02
1.545249999999870616e-01 -5.423391230381974237e-02
1.547749999999870341e-01 -5.419865483064174871e-02
1.550249999999870065e-01 -5.416212308299409722e-02
1.552749999999869790e-01 -5.412422836088709444e-02
1.555249999999869515e-01 -5.408487673184684402e-02
1.557749999999869239e-01 -5.404396911390463298e-02
1.560249999999868964e-01 -5.400139725287435299e-02
1.562749999999868689e-01 -5.395704648194643571e-02
1.565249999999868413e-01 -5.391079316119328640e-02
1.567749999999868138e-01 -5.386250299202609282e-02
1.570249999999867863e-01 -5.381202894422011662e-02
1.572749999999867587e-01 -5.375921208390389144e-02
1.575249999999867312e-01 -5.370387707484759049e-02
1.577749999999867037e-01 -5.364582959848495508e-02
1.580249999999866761e-01 -5.358485752967041132e-02
1.582749999999866486e-01 -5.352072367740132869e-02
1.585249999999866211e-01 -5.345316743466926868e-02
1.587749999999865935e-01 -5.338188940769751645e-02
1.590249999999865660e-01 -5.330655147335572330e-02
1.592749999999865385e-01 -5.322678076347312631e-02
1.595249999999865109e-01 -5.314215338767163538e-02
1.597749999999864834e-01 -5.305217767097283182e-02
1.600249999999864559e-01 -5.295628312179170155e-02
1.602749999999864283e-01 -5.285382941308694460e-02
1.605249999999864008e-01 -5.274405714240617410e-02
1.607749999999863733e-01 -5.262608336733292508e-02
1.610249999999863457e-01 -5.249885089293167273e-02
1.612749999999863182e-01 -5.236111331076465786e-02
1.615249999999862907e-01 -5.221138093067246438e-02
1.617749999999862631e-01 -5.204780731635317431e-02
1.620249999999862356e-01 -5.186816680049805700e-02
1.622749999999862081e-01 -5.166965101567453506e-02
1.625249999999861805e-01 -5.144870626010932674e-02
1.627749999999861530e-01 -5.120076659877828562e-02
1.630249999999861255e-01 -5.091983171074850739e-02
1.632749999999860979e-01 -5.059781439919470991e-02
1.635249999999860704e-01 -5.022352120890358901e-02
1.637749999999860429e-01 -4.978092714741287617e-02
1.640249999999860153e-01 -4.924617941258476600e-02
1.642749999999859878e-01 -4.858171014861582121e-02
1.645249999999859603e-01 -4.772448992056385619e-02
1.647749999999859327e-01 -4.655888992536391657e-02
1.650249999999859052e-01 -4.484553653660276057e-02
1.652749999999858777e-01 -4.199731008701498153e-02
1.655249999999858501e-01 -3.623508569667207441e-02
1.657749999999858226e-01 -2.312862700912058506e-02
1.660249999999857951e-01 -9.796516652921484145e-03
1.662749999999857675e-01 -6.390410217379199724e-03
1.665249999999857400e-01 -1.120482942863592832e-02
1.667749999999857125e-01 -2.107297462531817350e-02
1.670249999999856849e-01 -3.197239464248607249e-02
1.672749999999856574e-01 -4.136755643431929558e-02
1.675249999999856299e-01 -4.834168507267125325e-02
1.677749999999856023e-01 -5.282838854781118920e-02
1.680249999999855748e-01 -5.542846963430464458e-02
1.682749999999855472e-01 -5.683202795576872135e-02
1.685249999999855197e-01 -5.752928322062472039e-02
1.687749999999854922e-01 -5.782213740405593022e-02
1.690249999999854646e-01 -5.788776788271841195e-02
1.692749999999854371e-01 -5.782846527019145505e-02
1.695249999999854096e-01 -5.770307678819436292e-02
1.697749999999853820e-01 -5.754544095711965762e-02
1.700249999999853545e-01 -5.737501020555326597e-02
