0.5 0.0
0.55 0.0
0.6 0.0
0.65 0.0
0.7 0.0
0.75 0.0
0.8 0.0
0.85 0.0
0.9 0.0
0.95 0.0
0.9 0.0
0.91 0.0
0.92 0.0
0.93 0.0
0.94 0.0
0.95 0.0
0.96 0.0
0.97 0.0
0.971111111111111 0.0
0.9722222222222222 10.4
0.9733333333333333 11.8
0.9744444444444444 12.8
0.9755555555555555 13.600000000000001
0.9766666666666667 14.4
0.9777777777777777 15.200000000000001
0.9788888888888889 16.0
0.98 16.6
0.981111111111111 17.400000000000002
0.9822222222222222 18.0
0.9833333333333333 18.6
0.9844444444444445 19.400000000000002
0.9855555555555555 20.0
0.9866666666666667 20.6
0.9877777777777778 21.400000000000002
0.9888888888888889 22.0
0.99 22.6
0.991111111111111 23.400000000000002
0.9922222222222222 24.0
0.9933333333333333 24.6
0.9944444444444445 25.200000000000003
0.9955555555555555 26.0
0.9966666666666667 26.6
0.9977777777777778 27.400000000000002
0.9988888888888889 28.0
1.0 28.8
1.001111111111111 29.6
1.0022222222222221 30.200000000000003
1.0033333333333334 31.0
1.0044444444444445 31.8
1.0055555555555555 32.6
1.0066666666666666 33.4
1.0077777777777779 34.2
1.008888888888889 35.0
1.01 36.0
1.011111111111111 36.800000000000004
1.0122222222222221 37.800000000000004
1.0133333333333334 38.6
1.0144444444444445 39.6
1.0155555555555555 40.6
1.0166666666666666 41.6
1.017777777777778 42.6
1.018888888888889 43.6
1.02 44.6
1.021111111111111 45.800000000000004
1.0222222222222221 47.0
1.0233333333333334 48.0
1.0244444444444445 49.2
1.0255555555555556 50.400000000000006
1.0266666666666666 51.6
1.027777777777778 52.800000000000004
1.028888888888889 54.0
1.03 55.2           
1.031111111111111 56.400000000000006
1.0322222222222222 57.800000000000004
1.0333333333333334 59.0
1.0344444444444445 60.2
1.0355555555555556 61.400000000000006
1.0366666666666666 62.800000000000004
1.037777777777778 64.0
1.038888888888889 65.2
1.04 66.4
1.041111111111111 67.60000000000001
1.0422222222222222 68.8
1.0433333333333334 70.0
1.0444444444444445 71.4
1.0455555555555556 72.60000000000001
1.0466666666666666 73.8
1.047777777777778 75.2
1.048888888888889 76.4
1.05 77.60000000000001
1.051111111111111 78.80000000000001
1.0522222222222224 80.0
1.0533333333333335 81.2
1.0544444444444445 82.60000000000001
1.0555555555555556 83.80000000000001
1.0566666666666666 85.0
1.057777777777778 86.2
1.058888888888889 87.4
1.06 88.60000000000001
1.0611111111111111 89.80000000000001
1.0622222222222222 90.80000000000001
1.0633333333333335 92.0
1.0644444444444445 93.2
1.0655555555555556 94.4
1.0666666666666667 95.60000000000001
1.067777777777778 96.60000000000001
1.068888888888889 97.80000000000001
1.07 99.0
1.0711111111111111 100.0
1.0722222222222224 101.2
1.0733333333333335 102.2
1.0744444444444445 103.4
1.0755555555555556 104.4
1.0766666666666667 105.4
1.077777777777778 106.60000000000001
1.078888888888889 107.60000000000001
1.08 108.60000000000001               
1.09 117.60000000000001        
1.1 126.5
1.15 163.0
1.2 191.0      
