59.3056 10.4
59.3733 11.8
59.4411 12.8
59.5089 13.600000000000001
59.5767 14.4
59.6444 15.200000000000001
59.7122 16.0
59.78 16.6
59.8478 17.400000000000002
59.9156 18.0
59.9833 18.6
60.0511 19.400000000000002
60.1189 20.0
60.1867 20.6
60.2544 21.400000000000002
60.3222 22.0
60.39 22.6
60.4578 23.400000000000002
60.5256 24.0
60.5933 24.6
60.6611 25.200000000000003
60.7289 26.0
60.7967 26.6
60.8644 27.400000000000002
60.9322 28.0
61 28.8
61.0678 29.6
61.1356 30.200000000000003
61.2033 31.0
61.2711 31.8
61.3389 32.6
61.4067 33.4
61.4744 34.2
61.5422 35.0
61.61 36.0
61.6778 36.800000000000004
61.7456 37.800000000000004
61.8133 38.6
61.8811 39.6
61.9489 40.6
62.0167 41.6
62.0844 42.6
62.1522 43.6
62.22 44.6
62.2878 45.800000000000004
62.3556 47.0
62.4233 48.0
62.4911 49.2
62.5589 50.400000000000006
62.6267 51.6
62.6944 52.800000000000004
62.7622 54.0
62.83 55.2
62.8978 56.400000000000006
62.9656 57.800000000000004
63.0333 59.0
63.1011 60.2
63.1689 61.400000000000006
63.2367 62.800000000000004
63.3044 64.0
63.3722 65.2
63.44 66.4
63.5078 67.60000000000001
63.5756 68.8
63.6433 70.0
63.7111 71.4
63.7789 72.60000000000001
63.8467 73.8
63.9144 75.2
63.9822 76.4
64.05 77.60000000000001
64.1178 78.80000000000001
64.1856 80.0
64.2533 81.2
64.3211 82.60000000000001
64.3889 83.80000000000001
64.4567 85.0
64.5244 86.2
64.5922 87.4
64.66 88.60000000000001
64.7278 89.80000000000001
64.7956 90.80000000000001
64.8633 92.0
64.9311 93.2
64.9989 94.4
65.0667 95.60000000000001
65.1344 96.60000000000001
65.2022 97.80000000000001
65.27 99.0
65.3378 100.0
65.4056 101.2
65.4733 102.2
65.5411 103.4
65.6089 104.4
65.6767 105.4
65.7444 106.60000000000001
65.8122 107.60000000000001
65.88 108.60000000000001
66.49 117.60000000000001
67.1 126.5
70.15 163.0
73.2 191.0
