0.9   0
0.9208333333333334   0
0.9416666666666667   0
0.9625   0
0.98 0.0
0.9816666666666667 0.0
0.9833333333333333 0.0
0.985 0.0
0.9866666666666667 0.0
0.9883333333333333 0.0
0.99 0.0
0.9916666666666667 0.0
0.9933333333333333 0.0
0.995 0.0
0.9966666666666667 3.8000000000000003
0.9983333333333333 7.0
1.0 10.8
1.0016666666666667 11.8
1.0033333333333334 12.600000000000001
1.0041666666666667   13
1.005 13.4
1.0066666666666666 14.0
1.0083333333333333 14.8
1.01 15.4
1.0116666666666667 16.0
1.0133333333333334 16.6
1.0150000000000001 17.2
1.0166666666666666 17.8
1.0183333333333333 18.400000000000002
1.02 19.0      
1.025   20.6
1.0458333333333334   28
1.0666666666666667   36
1.0875   45.6
1.1083333333333334   56.2
1.1291666666666667   68.4
1.15   81.4
1.1708333333333334   94.6
1.1916666666666667   107.2
1.2125   119.6
1.2333333333333334   131.2
1.2541666666666667   142
1.275   152
1.2958333333333334   160.4
1.3166666666666667   165.6
1.3375   170
1.3583333333333334   0
1.3791666666666667   0
1.4   0
