66.7767   3.8000000000000003
66.8883   7.0
67   10.8
67.1117   11.8
67.2233   12.600000000000001
67.2792   13
67.335   13.4
67.4467   14.0
67.5583   14.8
67.67   15.4
67.7817   16.0
67.8933   16.6
68.005   17.2
68.1167   17.8
68.2283   18.400000000000002
68.34   19.0
68.675   20.6
70.0708   28
71.4667   36
72.8625   45.6
74.2583   56.2
75.6542   68.4
77.05   81.4
78.4458   94.6
79.8417   107.2
81.2375   119.6
82.6333   131.2
84.0292   142
85.425   152
86.8208   160.4
88.2167   165.6
89.6125   170
91.0083   0
92.4042   0
93.8   0
