75.0 15.200000000000001
75.39795918367346 15.8
75.79591836734694 16.2
76.1938775510204 16.6
76.59183673469387 17.0
76.98979591836735 17.6
77.38775510204081 18.0
77.78571428571429 18.400000000000002
78.18367346938776 19.0
78.58163265306122 19.400000000000002
78.9795918367347 20.0
79.37755102040816 20.400000000000002
79.77551020408163 20.8
80.1734693877551 21.200000000000003
80.57142857142857 21.6
80.96938775510205 22.200000000000003
81.36734693877551 22.6
81.76530612244898 23.0
82.16326530612245 23.400000000000002
82.56122448979592 23.8
82.95918367346938 24.400000000000002
83.35714285714286 24.8
83.75510204081633 25.200000000000003
84.15306122448979 25.6
84.55102040816327 26.0
84.94897959183673 26.6
85.34693877551021 27.0
85.74489795918367 27.400000000000002
86.14285714285714 27.8
86.54081632653062 28.200000000000003
86.93877551020408 28.6
87.33673469387755 29.0
87.73469387755102 29.400000000000002
88.13265306122449 29.8
88.53061224489795 30.200000000000003
88.92857142857143 30.8
89.3265306122449 31.200000000000003
89.72448979591837 31.6
90.12244897959184 32.0
90.5204081632653 32.4
90.91836734693878 33.0
91.31632653061224 33.4
91.71428571428572 33.800000000000004
92.11224489795919 34.0
92.51020408163265 34.4
92.90816326530611 35.0
93.3061224489796 35.4
93.70408163265306 35.800000000000004
94.10204081632654 36.2
94.5 36.6                    
95.0 37.2
95.40816326530613 37.800000000000004
95.81632653061224 38.2
96.22448979591837 38.6
96.63265306122449 39.0
97.04081632653062 39.400000000000006
97.44897959183673 39.800000000000004
97.85714285714286 40.400000000000006
98.26530612244898 40.800000000000004
98.6734693877551 41.2
99.08163265306122 41.6
99.48979591836735 42.2
99.89795918367346 42.6
100.3061224489796 43.2
100.71428571428571 43.6
101.12244897959184 44.0
101.53061224489795 44.400000000000006
101.93877551020408 44.800000000000004
102.34693877551021 45.400000000000006
102.75510204081633 46.0
103.16326530612245 46.400000000000006
103.57142857142857 46.800000000000004
103.9795918367347 47.
104.38775510204081 47.800000000000004
104.79591836734694 48.2
105.20408163265306 48.6
105.61224489795919 49.2
106.0204081632653 49.80000000000000
106.42857142857143 50.
106.83673469387755 50.6
107.24489795918367 51.0
107.65306122448979 51.6
108.06122448979592 52.0
108.46938775510205 52.6
108.87755102040816 53.2
109.28571428571429 53.6
109.6938775510204 54.0
110.10204081632654 54.6
110.51020408163265 55.0
110.91836734693878 55.6
111.3265306122449 56.2
111.73469387755102 56.6
112.14285714285714 57.2
112.55102040816327 57.6
112.9591836734694 58.2
113.36734693877551 58.6
113.77551020408163 59.400000000000006
114.18367346938776 59.800000000000004
114.59183673469389 60.400000000000006
115.0 60.800000000000004           
115.5 61.400000000000006
116.28947368421052 62.400000000000006
117.07894736842105 63.6
117.86842105263158 64.60000000000001
118.65789473684211 65.8
119.44736842105263 66.8
120.23684210526315 68.0
121.02631578947368 69.0
121.8157894736842 70.0
122.60526315789474 71.2
123.39473684210526 72.2
124.1842105263158 73.2
124.97368421052632 74.4
125.76315789473685 75.4
126.55263157894737 76.60000000000001
127.34210526315789 77.60000000000001
128.1315789473684 78.80000000000001
128.92105263157896 79.80000000000001
129.71052631578948 81.2
130.5 82.2      
