60.2778   10.4
60.3467   11.8
60.4156   12.8
60.4844   13.600000000000001
60.5533   14.4
60.6222   15.200000000000001
60.6911   16.0
60.76   16.6
60.8289   17.400000000000002
60.8978   18.0
60.9667   18.6
61.0356   19.400000000000002
61.1044   20.0
61.1733   20.6
61.2422   21.400000000000002
61.3111   22.0
61.38   22.6
61.4489   23.400000000000002
61.5178   24.0
61.5867   24.6
61.6556   25.200000000000003
61.7244   26.0
61.7933   26.6
61.8622   27.400000000000002
61.9311   28.0
62   28.8
62.0689   29.6
62.1378   30.200000000000003
62.2067   31.0
62.2756   31.8
62.3444   32.6
62.4133   33.4
62.4822   34.2
62.5511   35.0
62.62   36.0
62.6889   36.800000000000004
62.7578   37.800000000000004
62.8267   38.6
62.8956   39.6
62.9644   40.6
63.0333   41.6
63.1022   42.6
63.1711   43.6
63.24   44.6
63.3089   45.800000000000004
63.3778   47.0
63.4467   48.0
63.5156   49.2
63.5844   50.400000000000006
63.6533   51.6
63.7222   52.800000000000004
63.7911   54.0
63.86   55.2
63.9289   56.400000000000006
63.9978   57.800000000000004
64.0667   59.0
64.1356   60.2
64.2044   61.400000000000006
64.2733   62.800000000000004
64.3422   64.0
64.4111   65.2
64.48   66.4
64.5489   67.60000000000001
64.6178   68.8
64.6867   70.0
64.7556   71.4
64.8244   72.60000000000001
64.8933   73.8
64.9622   75.2
65.0311   76.4
65.1   77.60000000000001
65.1689   78.80000000000001
65.2378   80.0
65.3067   81.2
65.3756   82.60000000000001
65.4444   83.80000000000001
65.5133   85.0
65.5822   86.2
65.6511   87.4
65.72   88.60000000000001
65.7889   89.80000000000001
65.8578   90.80000000000001
65.9267   92.0
65.9956   93.2
66.0644   94.4
66.1333   95.60000000000001
66.2022   96.60000000000001
66.2711   97.80000000000001
66.34   99.0
66.4089   100.0
66.4778   101.2
66.5467   102.2
66.6156   103.4
66.6844   104.4
66.7533   105.4
66.8222   106.60000000000001
66.8911   107.60000000000001
66.96   108.60000000000001
67.58   117.60000000000001
68.2   126.5
71.3   163.0
74.4   191.0
