0.5 0.0
0.525 0.0
0.55 0.0
0.575 0.0
0.6 0.0
0.625 0.0
0.65 0.0
0.675 0.0
0.7 0.0
0.725 0.0
0.75 0.0
0.775 0.0
0.8 0.0
0.825 0.0
0.85 0.0
0.855 0.0
0.86 0.0
0.865 0.0
0.87 0.30000000000000004
0.871 11.8
0.872 12.3
0.873 12.600000000000001
0.874 13.0
0.875 13.200000000000001    
0.88 14.0
0.885 15.0
0.89 15.8
0.895 16.6  
0.9 17.5
0.925 20.5
0.95 23.5
0.975 26.0
1.0 28.5
1.025 31.5
1.05 34.5
1.075 37.5
1.1 41.0
1.125 45.5
1.15 50.0
1.175 55.0
1.2 60.0
1.225 65.5
1.25 71.0
1.275 76.5
1.3 82.0
1.325 88.0
1.35 93.5
1.375 98.5
1.4 103.5
1.425 108.5
1.45 113.5
1.475 118.5
